>GMGATGAG	1-GMGATGAG	8.030132	-220.338375	0	T:242.0(7.24%),B:646.5(1.34%),P:1e-95	Tpos:93.8,Tstd:64.4,Bpos:99.5,Bstd:69.9,StrandBias:0.4,Multiplicity:1.23
0.001	0.001	0.912	0.086
0.443	0.555	0.001	0.001
0.001	0.001	0.997	0.001
0.997	0.001	0.001	0.001
0.001	0.001	0.001	0.997
0.001	0.001	0.997	0.001
0.997	0.001	0.001	0.001
0.001	0.001	0.997	0.001
>TTTTTTTT	2-TTTTTTTT	9.865350	-122.237138	0	T:973.0(29.10%),B:8747.4(18.15%),P:1e-53	Tpos:103.9,Tstd:65.6,Bpos:101.5,Bstd:82.0,StrandBias:-0.2,Multiplicity:1.22
0.001	0.001	0.001	0.997
0.001	0.001	0.001	0.997
0.001	0.001	0.001	0.997
0.001	0.001	0.001	0.997
0.001	0.001	0.001	0.997
0.001	0.001	0.001	0.997
0.001	0.001	0.001	0.997
0.001	0.300	0.001	0.698
>CWTATATA	3-CWTATATA	5.692698	-114.877840	0	T:1005.0(30.05%),B:9283.4(19.26%),P:1e-49	Tpos:98.9,Tstd:54.4,Bpos:100.6,Bstd:74.2,StrandBias:-0.0,Multiplicity:1.22
0.154	0.416	0.238	0.192
0.252	0.168	0.197	0.383
0.018	0.040	0.077	0.865
0.837	0.066	0.041	0.056
0.041	0.034	0.029	0.896
0.867	0.082	0.009	0.042
0.028	0.041	0.031	0.900
0.839	0.065	0.052	0.044
>GCGATGCG	4-GCGATGCG	4.413336	-113.474235	0	T:1146.0(34.27%),B:11064.8(22.96%),P:1e-49	Tpos:99.6,Tstd:60.4,Bpos:99.9,Bstd:65.2,StrandBias:0.0,Multiplicity:1.18
0.065	0.111	0.767	0.057
0.078	0.749	0.054	0.119
0.114	0.052	0.755	0.079
0.744	0.080	0.059	0.117
0.135	0.040	0.054	0.771
0.094	0.068	0.804	0.034
0.151	0.652	0.115	0.082
0.038	0.130	0.765	0.067
>TYTCTCTT	5-TYTCTCTT	7.225837	-84.096822	0	T:1432.0(42.82%),B:15567.5(32.30%),P:1e-36	Tpos:97.8,Tstd:57.0,Bpos:98.6,Bstd:73.0,StrandBias:-0.1,Multiplicity:1.34
0.001	0.001	0.001	0.997
0.001	0.468	0.001	0.530
0.250	0.001	0.001	0.748
0.001	0.847	0.001	0.151
0.001	0.256	0.001	0.742
0.001	0.854	0.001	0.144
0.001	0.001	0.001	0.997
0.001	0.332	0.001	0.666
>ATTTTTCA	6-ATTTTTCA	9.518153	-70.398390	0	T:438.0(13.10%),B:3537.9(7.34%),P:1e-30	Tpos:96.6,Tstd:68.4,Bpos:100.3,Bstd:67.6,StrandBias:-0.1,Multiplicity:1.11
0.997	0.001	0.001	0.001
0.212	0.001	0.001	0.786
0.001	0.001	0.001	0.997
0.001	0.001	0.001	0.997
0.001	0.001	0.001	0.997
0.001	0.001	0.001	0.997
0.001	0.997	0.001	0.001
0.997	0.001	0.001	0.001
>GACATYWT	7-GACATYWT	7.245624	-55.055726	0	T:468.0(14.00%),B:4164.4(8.64%),P:1e-23	Tpos:99.1,Tstd:53.3,Bpos:100.5,Bstd:61.4,StrandBias:0.2,Multiplicity:1.06
0.001	0.001	0.957	0.041
0.704	0.238	0.001	0.057
0.001	0.944	0.054	0.001
0.868	0.001	0.130	0.001
0.068	0.001	0.032	0.899
0.001	0.417	0.215	0.367
0.303	0.096	0.164	0.437
0.069	0.103	0.033	0.795
>GGGAAARG	8-GGGAAARG	5.930888	-53.047816	0	T:983.0(29.40%),B:10593.5(21.98%),P:1e-23	Tpos:98.4,Tstd:54.4,Bpos:98.3,Bstd:68.8,StrandBias:0.2,Multiplicity:1.19
0.219	0.018	0.713	0.050
0.240	0.082	0.546	0.132
0.058	0.001	0.914	0.027
0.610	0.031	0.320	0.039
0.720	0.121	0.083	0.076
0.879	0.016	0.104	0.001
0.332	0.190	0.477	0.001
0.013	0.053	0.933	0.001
>YGCTTGYT	9-YGCTTGYT	5.822408	-52.761196	0	T:1577.0(47.16%),B:18638.2(38.67%),P:1e-22	Tpos:100.1,Tstd:54.7,Bpos:99.8,Bstd:68.4,StrandBias:0.1,Multiplicity:1.30
0.116	0.485	0.001	0.398
0.169	0.001	0.518	0.312
0.001	0.627	0.044	0.328
0.318	0.001	0.001	0.680
0.226	0.001	0.001	0.772
0.266	0.001	0.730	0.003
0.001	0.525	0.001	0.473
0.095	0.001	0.001	0.903
>ACACACAC	10-ACACACAC	4.935502	-35.986455	0	T:1032.0(30.86%),B:11877.0(24.64%),P:1e-15	Tpos:104.6,Tstd:52.7,Bpos:99.7,Bstd:68.6,StrandBias:0.0,Multiplicity:1.21
0.678	0.088	0.097	0.137
0.132	0.776	0.033	0.059
0.863	0.027	0.076	0.034
0.063	0.803	0.011	0.123
0.793	0.031	0.121	0.055
0.066	0.762	0.038	0.134
0.654	0.082	0.165	0.099
0.111	0.675	0.089	0.125
>GTGGCAAA	11-GTGGCAAA	8.236954	-34.950707	0	T:72.0(2.15%),B:340.2(0.71%),P:1e-15	Tpos:85.5,Tstd:61.3,Bpos:99.7,Bstd:63.4,StrandBias:0.7,Multiplicity:1.00
0.100	0.100	0.700	0.100
0.100	0.100	0.100	0.700
0.100	0.100	0.700	0.100
0.100	0.100	0.700	0.100
0.100	0.700	0.100	0.100
0.700	0.100	0.100	0.100
0.700	0.100	0.100	0.100
0.700	0.100	0.100	0.100
>BTAGTYRT	12-BTAGTYRT	5.971320	-33.396089	0	T:268.0(8.01%),B:2337.9(4.85%),P:1e-14	Tpos:98.2,Tstd:52.2,Bpos:98.9,Bstd:66.7,StrandBias:-0.1,Multiplicity:1.04
0.001	0.289	0.329	0.381
0.001	0.388	0.001	0.610
0.997	0.001	0.001	0.001
0.253	0.202	0.544	0.001
0.093	0.254	0.106	0.547
0.001	0.417	0.090	0.493
0.417	0.176	0.361	0.046
0.001	0.001	0.422	0.576
>TCGGWCAT	13-TCGGWCAT	6.902509	-31.980545	0	T:100.0(2.99%),B:605.8(1.26%),P:1e-13	Tpos:96.2,Tstd:51.4,Bpos:101.4,Bstd:57.7,StrandBias:-0.2,Multiplicity:1.01
0.001	0.403	0.001	0.595
0.001	0.997	0.001	0.001
0.047	0.001	0.951	0.001
0.001	0.001	0.997	0.001
0.551	0.001	0.001	0.447
0.001	0.997	0.001	0.001
0.997	0.001	0.001	0.001
0.001	0.001	0.001	0.997
>AGTGTACT	14-AGTGTACT	6.785168	-30.324331	0	T:334.0(9.99%),B:3171.5(6.58%),P:1e-13	Tpos:105.5,Tstd:52.6,Bpos:99.4,Bstd:66.7,StrandBias:-0.2,Multiplicity:1.03
0.732	0.055	0.034	0.179
0.001	0.001	0.966	0.032
0.001	0.001	0.040	0.958
0.001	0.001	0.997	0.001
0.045	0.001	0.074	0.880
0.871	0.001	0.044	0.084
0.070	0.717	0.144	0.069
0.127	0.001	0.001	0.871
>CTGCTTAA	15-CTGCTTAA	6.656639	-29.969976	0	T:397.0(11.87%),B:3935.5(8.17%),P:1e-13	Tpos:97.7,Tstd:54.2,Bpos:98.3,Bstd:68.4,StrandBias:-0.2,Multiplicity:1.06
0.090	0.772	0.084	0.054
0.001	0.001	0.001	0.997
0.055	0.064	0.798	0.083
0.127	0.871	0.001	0.001
0.001	0.022	0.034	0.943
0.001	0.038	0.001	0.960
0.884	0.001	0.114	0.001
0.769	0.045	0.001	0.185
>TCTTATCT	16-TCTTATCT	7.391380	-27.942626	0	T:282.0(8.43%),B:2620.5(5.44%),P:1e-12	Tpos:97.8,Tstd:52.1,Bpos:99.3,Bstd:66.9,StrandBias:0.0,Multiplicity:1.07
0.001	0.001	0.124	0.874
0.001	0.997	0.001	0.001
0.001	0.090	0.001	0.908
0.001	0.001	0.001	0.997
0.831	0.167	0.001	0.001
0.001	0.189	0.001	0.809
0.001	0.997	0.001	0.001
0.001	0.001	0.001	0.997
>TGTATTGT	17-TGTATTGT	7.927393	-25.914377	0	T:285.0(8.52%),B:2706.3(5.62%),P:1e-11	Tpos:99.9,Tstd:55.7,Bpos:101.1,Bstd:67.8,StrandBias:0.3,Multiplicity:1.05
0.001	0.001	0.001	0.997
0.001	0.100	0.898	0.001
0.001	0.122	0.001	0.876
0.918	0.001	0.080	0.001
0.001	0.148	0.001	0.850
0.095	0.001	0.001	0.903
0.001	0.001	0.997	0.001
0.001	0.117	0.001	0.881
>CTCGASAM	18-CTCGASAM	8.072718	-25.318252	0	T:106.0(3.17%),B:739.0(1.53%),P:1e-10	Tpos:99.9,Tstd:55.4,Bpos:98.2,Bstd:68.3,StrandBias:-0.4,Multiplicity:1.00
0.001	0.997	0.001	0.001
0.393	0.001	0.039	0.567
0.001	0.997	0.001	0.001
0.268	0.001	0.730	0.001
0.669	0.180	0.150	0.001
0.001	0.527	0.471	0.001
0.997	0.001	0.001	0.001
0.488	0.421	0.090	0.001
>ATAGCACG	19-ATAGCACG	7.194649	-23.909545	0	T:167.0(4.99%),B:1402.4(2.91%),P:1e-10	Tpos:99.4,Tstd:56.1,Bpos:100.1,Bstd:65.7,StrandBias:-0.0,Multiplicity:1.02
0.892	0.073	0.001	0.034
0.001	0.028	0.046	0.925
0.948	0.001	0.016	0.035
0.037	0.020	0.871	0.072
0.080	0.918	0.001	0.001
0.982	0.001	0.016	0.001
0.120	0.800	0.079	0.001
0.036	0.001	0.832	0.131
>CATTCATT	20-CATTCATT	9.152000	-23.030727	0	T:149.0(4.46%),B:1222.9(2.54%),P:1e-10	Tpos:99.7,Tstd:58.0,Bpos:99.8,Bstd:61.5,StrandBias:-0.1,Multiplicity:1.04
0.001	0.997	0.001	0.001
0.997	0.001	0.001	0.001
0.001	0.304	0.147	0.548
0.001	0.001	0.001	0.997
0.001	0.997	0.001	0.001
0.997	0.001	0.001	0.001
0.001	0.001	0.001	0.997
0.001	0.001	0.001	0.997
>ACAATGRG	21-ACAATGRG	7.133228	-17.945267	0	T:161.0(4.81%),B:1461.0(3.03%),P:1e-7	Tpos:95.3,Tstd:50.5,Bpos:103.7,Bstd:58.7,StrandBias:0.1,Multiplicity:1.03
0.997	0.001	0.001	0.001
0.001	0.997	0.001	0.001
0.997	0.001	0.001	0.001
0.760	0.238	0.001	0.001
0.001	0.001	0.001	0.997
0.001	0.001	0.997	0.001
0.542	0.001	0.456	0.001
0.001	0.056	0.942	0.001
>TSCTCCCC	22-TSCTCCCC	7.835035	-14.119491	0	T:66.0(1.97%),B:492.4(1.02%),P:1e-6	Tpos:120.6,Tstd:56.0,Bpos:100.2,Bstd:63.7,StrandBias:1.3,Multiplicity:1.02
0.183	0.001	0.002	0.814
0.078	0.377	0.414	0.131
0.001	0.997	0.001	0.001
0.135	0.143	0.001	0.721
0.001	0.856	0.001	0.142
0.001	0.997	0.001	0.001
0.001	0.997	0.001	0.001
0.001	0.914	0.064	0.021
>CGGTTCGA	23-CGGTTCGA	8.236954	-13.379537	0	T:21.0(0.63%),B:87.4(0.18%),P:1e-5	Tpos:104.7,Tstd:58.0,Bpos:110.2,Bstd:69.1,StrandBias:0.4,Multiplicity:1.00
0.100	0.700	0.100	0.100
0.100	0.100	0.700	0.100
0.100	0.100	0.700	0.100
0.100	0.100	0.100	0.700
0.100	0.100	0.100	0.700
0.100	0.700	0.100	0.100
0.100	0.100	0.700	0.100
0.700	0.100	0.100	0.100
>GAGGGGCA	24-GAGGGGCA	9.722249	-10.813076	0	T:45.0(1.35%),B:327.0(0.68%),P:1e-4	Tpos:97.5,Tstd:52.6,Bpos:98.8,Bstd:64.5,StrandBias:0.6,Multiplicity:1.00
0.001	0.001	0.997	0.001
0.997	0.001	0.001	0.001
0.260	0.001	0.738	0.001
0.001	0.001	0.997	0.001
0.001	0.001	0.997	0.001
0.001	0.001	0.997	0.001
0.001	0.997	0.001	0.001
0.997	0.001	0.001	0.001
