>GCGATGAGVT	1-GCGATGAGVT	9.529945	-314.419715	0	T:192.0(5.74%),B:224.2(0.47%),P:1e-136	Tpos:89.8,Tstd:64.4,Bpos:102.9,Bstd:70.2,StrandBias:0.2,Multiplicity:1.02
0.001	0.001	0.788	0.210
0.171	0.761	0.001	0.067
0.001	0.001	0.997	0.001
0.992	0.004	0.001	0.003
0.001	0.001	0.001	0.997
0.001	0.001	0.997	0.001
0.813	0.001	0.185	0.001
0.001	0.001	0.917	0.081
0.334	0.290	0.312	0.064
0.280	0.103	0.001	0.616
>GATGAGCTKA	2-GATGAGCTKA	10.489442	-201.992813	0	T:118.0(3.53%),B:127.6(0.26%),P:1e-87	Tpos:96.4,Tstd:65.3,Bpos:91.4,Bstd:66.9,StrandBias:0.3,Multiplicity:1.21
0.001	0.001	0.997	0.001
0.997	0.001	0.001	0.001
0.001	0.001	0.001	0.997
0.001	0.001	0.997	0.001
0.997	0.001	0.001	0.001
0.001	0.001	0.997	0.001
0.123	0.875	0.001	0.001
0.021	0.001	0.001	0.977
0.072	0.001	0.488	0.439
0.595	0.403	0.001	0.001
>AAGAGAAAAG	3-AAGAGAAAAG	6.542581	-162.760046	0	T:1739.0(52.00%),B:17746.2(36.82%),P:1e-70	Tpos:100.0,Tstd:56.0,Bpos:99.0,Bstd:72.9,StrandBias:0.0,Multiplicity:1.30
0.734	0.060	0.165	0.041
0.854	0.024	0.108	0.014
0.231	0.034	0.651	0.084
0.634	0.121	0.118	0.127
0.193	0.055	0.653	0.099
0.863	0.014	0.014	0.109
0.665	0.138	0.172	0.025
0.586	0.131	0.206	0.077
0.798	0.031	0.118	0.053
0.237	0.116	0.564	0.083
>TTTTTTTYCY	4-TTTTTTTYCY	5.238212	-160.132974	0	T:1139.0(34.06%),B:10044.4(20.84%),P:1e-69	Tpos:103.8,Tstd:64.4,Bpos:101.7,Bstd:80.8,StrandBias:-0.2,Multiplicity:1.24
0.001	0.001	0.001	0.997
0.001	0.001	0.001	0.997
0.001	0.001	0.001	0.997
0.001	0.133	0.001	0.865
0.001	0.001	0.001	0.997
0.001	0.001	0.001	0.997
0.001	0.001	0.001	0.997
0.001	0.550	0.001	0.448
0.001	0.763	0.001	0.235
0.001	0.535	0.001	0.463
>AAAHTTTTYM	5-AAAHTTTTYM	6.355898	-134.669678	0	T:211.0(6.31%),B:793.6(1.65%),P:1e-58	Tpos:102.2,Tstd:74.6,Bpos:104.0,Bstd:66.3,StrandBias:0.1,Multiplicity:1.04
0.509	0.009	0.257	0.225
0.478	0.296	0.042	0.184
0.566	0.241	0.192	0.001
0.340	0.194	0.137	0.330
0.014	0.225	0.255	0.506
0.180	0.127	0.210	0.483
0.243	0.004	0.206	0.547
0.001	0.269	0.237	0.493
0.137	0.421	0.104	0.339
0.461	0.525	0.004	0.010
>TATATAWAVV	6-TATATAWAVV	6.247243	-125.944150	0	T:1024.0(30.62%),B:9291.4(19.28%),P:1e-54	Tpos:98.4,Tstd:54.8,Bpos:100.3,Bstd:73.7,StrandBias:0.0,Multiplicity:1.64
0.136	0.043	0.076	0.745
0.734	0.088	0.071	0.107
0.052	0.059	0.037	0.852
0.901	0.010	0.028	0.061
0.152	0.032	0.037	0.779
0.826	0.084	0.047	0.043
0.309	0.126	0.148	0.417
0.496	0.082	0.229	0.192
0.358	0.223	0.291	0.128
0.223	0.241	0.369	0.167
>TACTCATCGC	7-TACTCATCGC	6.961929	-73.446149	0	T:300.0(8.97%),B:2047.9(4.25%),P:1e-31	Tpos:101.7,Tstd:55.0,Bpos:100.5,Bstd:64.4,StrandBias:-0.3,Multiplicity:1.03
0.153	0.054	0.001	0.792
0.841	0.001	0.137	0.021
0.106	0.690	0.120	0.084
0.054	0.104	0.141	0.701
0.051	0.947	0.001	0.001
0.846	0.085	0.061	0.008
0.001	0.001	0.001	0.997
0.187	0.793	0.019	0.001
0.172	0.052	0.573	0.203
0.083	0.604	0.124	0.189
>AGCCATCTTK	8-AGCCATCTTK	8.471592	-70.227031	0	T:220.0(6.58%),B:1318.2(2.74%),P:1e-30	Tpos:93.7,Tstd:53.1,Bpos:97.6,Bstd:59.6,StrandBias:-0.2,Multiplicity:1.01
0.577	0.085	0.123	0.215
0.001	0.001	0.881	0.117
0.309	0.689	0.001	0.001
0.001	0.997	0.001	0.001
0.997	0.001	0.001	0.001
0.001	0.030	0.001	0.968
0.001	0.577	0.193	0.229
0.001	0.068	0.263	0.668
0.001	0.001	0.001	0.997
0.076	0.052	0.370	0.502
>GGTGGCAAAA	9-GGTGGCAAAA	11.384382	-55.799830	0	T:36.0(1.08%),B:48.4(0.10%),P:1e-24	Tpos:74.3,Tstd:66.2,Bpos:100.1,Bstd:44.7,StrandBias:0.3,Multiplicity:1.00
0.001	0.001	0.997	0.001
0.001	0.001	0.997	0.001
0.001	0.001	0.001	0.997
0.001	0.001	0.997	0.001
0.001	0.001	0.997	0.001
0.001	0.997	0.001	0.001
0.894	0.001	0.104	0.001
0.997	0.001	0.001	0.001
0.997	0.001	0.001	0.001
0.826	0.001	0.001	0.172
>RGRRGRGRGR	10-RGRRGRGRGR	5.356442	-55.313918	0	T:718.0(21.47%),B:7155.8(14.85%),P:1e-24	Tpos:99.3,Tstd:53.0,Bpos:99.0,Bstd:67.6,StrandBias:-0.0,Multiplicity:1.10
0.378	0.120	0.439	0.063
0.306	0.105	0.458	0.130
0.368	0.061	0.516	0.055
0.414	0.056	0.406	0.124
0.317	0.048	0.505	0.130
0.487	0.056	0.407	0.050
0.319	0.113	0.514	0.054
0.453	0.054	0.429	0.065
0.063	0.046	0.840	0.051
0.308	0.188	0.368	0.136
>GTGTTGTGCT	11-GTGTTGTGCT	4.707415	-49.902543	0	T:1505.0(45.01%),B:17749.8(36.83%),P:1e-21	Tpos:99.5,Tstd:52.4,Bpos:99.3,Bstd:64.2,StrandBias:-0.0,Multiplicity:1.33
0.013	0.157	0.657	0.173
0.111	0.074	0.110	0.705
0.142	0.034	0.766	0.058
0.152	0.176	0.142	0.530
0.186	0.079	0.048	0.687
0.154	0.123	0.610	0.113
0.078	0.083	0.067	0.772
0.034	0.087	0.809	0.070
0.016	0.659	0.162	0.163
0.039	0.004	0.105	0.852
>ACACACACAC	12-ACACACACAC	5.872199	-45.740964	0	T:577.0(17.25%),B:5684.0(11.79%),P:1e-19	Tpos:107.4,Tstd:51.8,Bpos:98.8,Bstd:70.2,StrandBias:0.0,Multiplicity:1.12
0.686	0.132	0.106	0.076
0.257	0.660	0.035	0.048
0.759	0.001	0.188	0.052
0.050	0.797	0.004	0.149
0.837	0.001	0.153	0.009
0.117	0.642	0.022	0.219
0.752	0.006	0.241	0.001
0.055	0.870	0.015	0.060
0.626	0.146	0.161	0.067
0.192	0.533	0.082	0.193
>GCTGCTTGCT	13-GCTGCTTGCT	6.352409	-41.828782	0	T:186.0(5.56%),B:1317.4(2.73%),P:1e-18	Tpos:104.1,Tstd:57.6,Bpos:100.2,Bstd:66.8,StrandBias:0.1,Multiplicity:1.02
0.229	0.052	0.641	0.078
0.052	0.659	0.083	0.206
0.183	0.103	0.079	0.635
0.069	0.240	0.614	0.077
0.047	0.703	0.079	0.171
0.151	0.153	0.123	0.573
0.161	0.213	0.090	0.536
0.162	0.075	0.659	0.104
0.064	0.654	0.135	0.147
0.067	0.301	0.037	0.595
>SVTGTCCTGT	14-SVTGTCCTGT	6.607449	-38.306227	0	T:81.0(2.42%),B:388.9(0.81%),P:1e-16	Tpos:97.0,Tstd:56.3,Bpos:103.0,Bstd:58.8,StrandBias:-0.1,Multiplicity:1.00
0.060	0.317	0.458	0.165
0.400	0.286	0.288	0.026
0.030	0.020	0.391	0.559
0.059	0.214	0.559	0.168
0.278	0.031	0.187	0.504
0.270	0.680	0.020	0.030
0.033	0.929	0.019	0.019
0.025	0.386	0.021	0.568
0.037	0.286	0.477	0.200
0.206	0.287	0.021	0.485
>GGTTCGAGTC	15-GGTTCGAGTC	9.691339	-36.151978	0	T:33.0(0.99%),B:74.5(0.15%),P:1e-15	Tpos:116.1,Tstd:46.5,Bpos:101.1,Bstd:62.3,StrandBias:0.4,Multiplicity:1.00
0.001	0.001	0.997	0.001
0.001	0.001	0.855	0.143
0.001	0.001	0.001	0.997
0.001	0.001	0.273	0.725
0.001	0.997	0.001	0.001
0.001	0.001	0.997	0.001
0.997	0.001	0.001	0.001
0.001	0.052	0.903	0.044
0.001	0.001	0.206	0.792
0.273	0.725	0.001	0.001
>GAGTGAGTAA	16-GAGTGAGTAA	6.060362	-35.186359	0	T:320.0(9.57%),B:2891.8(6.00%),P:1e-15	Tpos:99.0,Tstd:55.0,Bpos:99.6,Bstd:66.9,StrandBias:-0.1,Multiplicity:1.04
0.147	0.139	0.538	0.176
0.728	0.139	0.038	0.095
0.197	0.114	0.578	0.111
0.145	0.149	0.154	0.552
0.230	0.054	0.571	0.145
0.667	0.077	0.088	0.168
0.169	0.171	0.490	0.171
0.198	0.142	0.127	0.533
0.644	0.059	0.149	0.148
0.660	0.114	0.138	0.088
>GAGTGGCAAA	17-GAGTGGCAAA	6.924754	-23.855850	0	T:77.0(2.30%),B:478.9(0.99%),P:1e-10	Tpos:103.0,Tstd:53.5,Bpos:91.0,Bstd:63.5,StrandBias:0.4,Multiplicity:1.01
0.003	0.042	0.954	0.001
0.997	0.001	0.001	0.001
0.001	0.001	0.997	0.001
0.019	0.001	0.001	0.979
0.042	0.188	0.769	0.001
0.001	0.001	0.997	0.001
0.005	0.898	0.096	0.001
0.648	0.001	0.230	0.121
0.747	0.251	0.001	0.001
0.997	0.001	0.001	0.001
>TCCGCCTAAC	18-TCCGCCTAAC	11.713639	-23.353158	0	T:8.0(0.24%),B:3.6(0.01%),P:1e-10	Tpos:68.1,Tstd:59.7,Bpos:101.0,Bstd:38.7,StrandBias:1.6,Multiplicity:1.00
0.001	0.001	0.001	0.997
0.001	0.997	0.001	0.001
0.001	0.997	0.001	0.001
0.001	0.001	0.997	0.001
0.001	0.997	0.001	0.001
0.001	0.859	0.139	0.001
0.001	0.001	0.001	0.997
0.997	0.001	0.001	0.001
0.997	0.001	0.001	0.001
0.001	0.859	0.001	0.139
>CACTTGCGCT	19-CACTTGCGCT	11.226183	-21.298599	0	T:14.0(0.42%),B:21.1(0.04%),P:1e-9	Tpos:117.4,Tstd:48.7,Bpos:97.5,Bstd:65.6,StrandBias:0.4,Multiplicity:1.00
0.001	0.997	0.001	0.001
0.997	0.001	0.001	0.001
0.001	0.997	0.001	0.001
0.001	0.101	0.001	0.897
0.001	0.101	0.001	0.897
0.001	0.101	0.897	0.001
0.001	0.997	0.001	0.001
0.001	0.101	0.897	0.001
0.001	0.997	0.001	0.001
0.001	0.001	0.001	0.997
>GCGCGCTACC	20-GCGCGCTACC	10.803162	-20.292479	0	T:11.0(0.33%),B:12.8(0.03%),P:1e-8	Tpos:106.6,Tstd:63.5,Bpos:106.4,Bstd:59.0,StrandBias:-0.2,Multiplicity:1.36
0.102	0.001	0.896	0.001
0.092	0.899	0.001	0.008
0.001	0.091	0.907	0.001
0.001	0.997	0.001	0.001
0.001	0.001	0.997	0.001
0.001	0.877	0.001	0.121
0.121	0.001	0.001	0.877
0.696	0.212	0.001	0.091
0.001	0.877	0.001	0.121
0.001	0.997	0.001	0.001
>CACGCCTTCC	21-CACGCCTTCC	10.296193	-18.551968	0	T:6.0(0.18%),B:2.8(0.01%),P:1e-8	Tpos:127.6,Tstd:48.3,Bpos:161.8,Bstd:15.2,StrandBias:0.6,Multiplicity:1.00
0.100	0.700	0.100	0.100
0.700	0.100	0.100	0.100
0.100	0.700	0.100	0.100
0.100	0.100	0.700	0.100
0.100	0.700	0.100	0.100
0.100	0.700	0.100	0.100
0.100	0.100	0.100	0.700
0.100	0.100	0.100	0.700
0.100	0.700	0.100	0.100
0.100	0.700	0.100	0.100
>GGGTAAATCG	22-GGGTAAATCG	12.015743	-17.745873	0	T:7.0(0.21%),B:4.2(0.01%),P:1e-7	Tpos:109.3,Tstd:27.6,Bpos:91.0,Bstd:36.8,StrandBias:2.6,Multiplicity:1.00
0.001	0.001	0.997	0.001
0.001	0.001	0.997	0.001
0.001	0.001	0.997	0.001
0.001	0.001	0.001	0.997
0.836	0.162	0.001	0.001
0.997	0.001	0.001	0.001
0.997	0.001	0.001	0.001
0.001	0.001	0.001	0.997
0.001	0.997	0.001	0.001
0.001	0.001	0.997	0.001
>GTAGTGCACA	23-GTAGTGCACA	12.015743	-16.178360	0	T:6.0(0.18%),B:3.6(0.01%),P:1e-7	Tpos:137.2,Tstd:32.7,Bpos:103.8,Bstd:30.7,StrandBias:10.0,Multiplicity:1.00
0.001	0.001	0.997	0.001
0.001	0.001	0.001	0.997
0.997	0.001	0.001	0.001
0.001	0.001	0.997	0.001
0.001	0.001	0.001	0.997
0.001	0.001	0.997	0.001
0.001	0.997	0.001	0.001
0.997	0.001	0.001	0.001
0.001	0.997	0.001	0.001
0.836	0.001	0.162	0.001
>GATGGTAGTC	24-GATGGTAGTC	10.296193	-12.810634	0	T:5.0(0.15%),B:3.2(0.01%),P:1e-5	Tpos:98.0,Tstd:53.4,Bpos:101.0,Bstd:30.9,StrandBias:-0.6,Multiplicity:1.00
0.100	0.100	0.700	0.100
0.700	0.100	0.100	0.100
0.100	0.100	0.100	0.700
0.100	0.100	0.700	0.100
0.100	0.100	0.700	0.100
0.100	0.100	0.100	0.700
0.700	0.100	0.100	0.100
0.100	0.100	0.700	0.100
0.100	0.100	0.100	0.700
0.100	0.700	0.100	0.100
>CTCGTAAATA	25-CTCGTAAATA	8.552271	-11.201200	0	T:110.0(3.29%),B:1035.2(2.15%),P:1e-4	Tpos:105.3,Tstd:56.0,Bpos:100.7,Bstd:68.7,StrandBias:0.1,Multiplicity:1.03
0.001	0.997	0.001	0.001
0.001	0.114	0.001	0.884
0.001	0.704	0.001	0.294
0.264	0.001	0.566	0.169
0.001	0.178	0.001	0.820
0.997	0.001	0.001	0.001
0.640	0.358	0.001	0.001
0.748	0.250	0.001	0.001
0.001	0.241	0.001	0.757
0.658	0.001	0.340	0.001
>CGATGAGATGAG	1-CGATGAGATGAG	11.424776	-242.265027	0	T:85.0(2.54%),B:28.5(0.06%),P:1e-105	Tpos:90.8,Tstd:66.0,Bpos:87.8,Bstd:72.4,StrandBias:0.8,Multiplicity:1.01
0.159	0.751	0.032	0.058
0.067	0.023	0.887	0.023
0.942	0.012	0.023	0.023
0.061	0.035	0.058	0.846
0.046	0.001	0.942	0.011
0.896	0.046	0.035	0.023
0.023	0.023	0.931	0.023
0.664	0.207	0.083	0.046
0.035	0.012	0.023	0.930
0.070	0.035	0.849	0.046
0.818	0.077	0.035	0.070
0.370	0.023	0.549	0.058
>GCGATGAGCTTW	2-GCGATGAGCTTW	11.859166	-216.812033	0	T:70.0(2.09%),B:18.8(0.04%),P:1e-94	Tpos:102.0,Tstd:69.9,Bpos:76.8,Bstd:57.9,StrandBias:0.0,Multiplicity:1.00
0.001	0.001	0.823	0.175
0.166	0.708	0.001	0.125
0.001	0.001	0.997	0.001
0.997	0.001	0.001	0.001
0.001	0.001	0.001	0.997
0.001	0.001	0.997	0.001
0.917	0.001	0.081	0.001
0.001	0.001	0.997	0.001
0.041	0.865	0.092	0.002
0.175	0.001	0.001	0.823
0.217	0.084	0.174	0.525
0.442	0.218	0.043	0.298
>TGCGATGAGATG	3-TGCGATGAGATG	9.237870	-191.980505	0	T:136.0(4.07%),B:203.2(0.42%),P:1e-83	Tpos:97.1,Tstd:64.9,Bpos:104.2,Bstd:63.3,StrandBias:-0.2,Multiplicity:1.00
0.061	0.034	0.033	0.872
0.152	0.001	0.726	0.121
0.036	0.809	0.068	0.087
0.153	0.001	0.845	0.001
0.966	0.001	0.032	0.001
0.132	0.001	0.033	0.834
0.001	0.001	0.966	0.032
0.846	0.066	0.001	0.087
0.058	0.066	0.776	0.100
0.799	0.033	0.034	0.134
0.033	0.034	0.133	0.800
0.102	0.159	0.602	0.137
>AAMAAGAGAAAA	4-AAMAAGAGAAAA	7.541148	-160.747919	0	T:1602.0(47.91%),B:15937.1(33.07%),P:1e-69	Tpos:101.2,Tstd:57.6,Bpos:100.2,Bstd:74.9,StrandBias:0.0,Multiplicity:1.29
0.735	0.137	0.124	0.004
0.631	0.083	0.254	0.032
0.419	0.359	0.185	0.037
0.904	0.003	0.036	0.057
0.933	0.001	0.049	0.017
0.260	0.133	0.503	0.104
0.768	0.011	0.030	0.191
0.259	0.080	0.613	0.048
0.738	0.088	0.084	0.090
0.894	0.017	0.088	0.001
0.603	0.081	0.313	0.003
0.738	0.080	0.103	0.079
>GAAAATTTTTCA	5-GAAAATTTTTCA	7.637098	-142.886471	0	T:319.0(9.54%),B:1571.3(3.26%),P:1e-62	Tpos:103.0,Tstd:71.7,Bpos:100.7,Bstd:73.9,StrandBias:0.0,Multiplicity:1.03
0.390	0.001	0.608	0.001
0.997	0.001	0.001	0.001
0.997	0.001	0.001	0.001
0.997	0.001	0.001	0.001
0.798	0.001	0.001	0.200
0.270	0.001	0.001	0.728
0.001	0.001	0.001	0.997
0.001	0.001	0.001	0.997
0.001	0.001	0.001	0.997
0.001	0.349	0.001	0.649
0.256	0.652	0.014	0.078
0.613	0.105	0.062	0.220
>RRAAAAAAAAAA	6-RRAAAAAAAAAA	10.193813	-133.663965	0	T:626.0(18.72%),B:4610.5(9.57%),P:1e-58	Tpos:104.0,Tstd:64.2,Bpos:101.9,Bstd:81.9,StrandBias:0.2,Multiplicity:1.14
0.378	0.102	0.321	0.199
0.460	0.011	0.351	0.179
0.642	0.007	0.328	0.023
0.850	0.002	0.134	0.014
0.899	0.014	0.084	0.003
0.926	0.001	0.054	0.019
0.955	0.001	0.020	0.024
0.926	0.013	0.048	0.013
0.911	0.023	0.047	0.019
0.903	0.006	0.063	0.028
0.856	0.062	0.014	0.068
0.823	0.053	0.056	0.068
>BYTTATATATAW	7-BYTTATATATAW	4.564486	-117.752423	0	T:1882.0(56.28%),B:20841.9(43.24%),P:1e-51	Tpos:98.6,Tstd:54.0,Bpos:99.8,Bstd:70.9,StrandBias:0.0,Multiplicity:1.41
0.001	0.372	0.272	0.354
0.025	0.374	0.104	0.496
0.169	0.065	0.274	0.492
0.068	0.168	0.053	0.711
0.579	0.001	0.033	0.387
0.011	0.001	0.001	0.987
0.997	0.001	0.001	0.001
0.001	0.001	0.001	0.997
0.917	0.062	0.001	0.020
0.110	0.029	0.001	0.860
0.711	0.057	0.114	0.118
0.378	0.046	0.063	0.513
>VCGGTGGCAAAA	8-VCGGTGGCAAAA	11.532920	-64.020088	0	T:31.0(0.93%),B:24.4(0.05%),P:1e-27	Tpos:94.8,Tstd:65.1,Bpos:105.7,Bstd:58.2,StrandBias:0.0,Multiplicity:1.00
0.319	0.338	0.237	0.105
0.129	0.724	0.094	0.053
0.093	0.001	0.860	0.046
0.093	0.001	0.905	0.001
0.001	0.001	0.001	0.997
0.001	0.001	0.997	0.001
0.001	0.001	0.997	0.001
0.001	0.997	0.001	0.001
0.859	0.001	0.139	0.001
0.952	0.001	0.001	0.046
0.859	0.139	0.001	0.001
0.907	0.046	0.046	0.001
>CGATGAGCATCG	9-CGATGAGCATCG	9.188745	-60.463185	0	T:50.0(1.50%),B:96.4(0.20%),P:1e-26	Tpos:84.4,Tstd:61.8,Bpos:98.2,Bstd:57.5,StrandBias:0.1,Multiplicity:1.00
0.116	0.678	0.001	0.205
0.089	0.029	0.853	0.029
0.970	0.001	0.028	0.001
0.058	0.029	0.058	0.855
0.116	0.087	0.710	0.087
0.855	0.029	0.058	0.058
0.001	0.028	0.970	0.001
0.116	0.768	0.058	0.058
0.854	0.001	0.029	0.116
0.031	0.029	0.058	0.882
0.087	0.678	0.116	0.119
0.001	0.029	0.941	0.029
>AAGATGTCTGCT	10-AAGATGTCTGCT	12.227547	-51.868689	0	T:17.0(0.51%),B:5.9(0.01%),P:1e-22	Tpos:104.0,Tstd:54.1,Bpos:87.6,Bstd:26.1,StrandBias:0.5,Multiplicity:1.00
0.997	0.001	0.001	0.001
0.892	0.106	0.001	0.001
0.001	0.106	0.787	0.106
0.997	0.001	0.001	0.001
0.001	0.001	0.001	0.997
0.001	0.001	0.997	0.001
0.106	0.001	0.001	0.892
0.001	0.997	0.001	0.001
0.106	0.001	0.001	0.892
0.106	0.001	0.892	0.001
0.133	0.865	0.001	0.001
0.001	0.213	0.106	0.680
>TCAGTCATTCTT	11-TCAGTCATTCTT	9.494550	-46.972061	0	T:107.0(3.20%),B:535.9(1.11%),P:1e-20	Tpos:102.4,Tstd:54.7,Bpos:96.7,Bstd:62.8,StrandBias:0.1,Multiplicity:1.00
0.028	0.039	0.056	0.877
0.014	0.815	0.070	0.101
0.783	0.102	0.030	0.085
0.063	0.120	0.690	0.127
0.069	0.044	0.130	0.757
0.057	0.815	0.019	0.109
0.923	0.001	0.030	0.046
0.037	0.048	0.001	0.914
0.027	0.088	0.001	0.884
0.071	0.743	0.077	0.109
0.126	0.001	0.001	0.872
0.069	0.001	0.037	0.893
>CCGGTTCGATTC	12-CCGGTTCGATTC	10.276217	-41.667166	0	T:35.0(1.05%),B:70.8(0.15%),P:1e-18	Tpos:99.5,Tstd:51.1,Bpos:109.7,Bstd:68.5,StrandBias:-0.2,Multiplicity:1.00
0.001	0.893	0.001	0.105
0.001	0.838	0.054	0.107
0.312	0.001	0.686	0.001
0.102	0.001	0.743	0.154
0.051	0.051	0.001	0.897
0.001	0.102	0.001	0.896
0.051	0.897	0.001	0.051
0.051	0.051	0.847	0.051
0.794	0.001	0.051	0.154
0.052	0.001	0.102	0.845
0.103	0.056	0.051	0.790
0.001	0.897	0.051	0.051
>GGTAGCGTGCTA	13-GGTAGCGTGCTA	9.474512	-39.988482	0	T:35.0(1.05%),B:74.1(0.15%),P:1e-17	Tpos:106.0,Tstd:54.0,Bpos:113.1,Bstd:61.5,StrandBias:0.1,Multiplicity:1.00
0.001	0.001	0.874	0.124
0.037	0.033	0.929	0.001
0.108	0.001	0.097	0.794
0.966	0.001	0.032	0.001
0.033	0.001	0.933	0.033
0.001	0.997	0.001	0.001
0.001	0.066	0.771	0.162
0.001	0.329	0.033	0.637
0.291	0.001	0.707	0.001
0.104	0.725	0.001	0.170
0.203	0.001	0.066	0.730
0.743	0.148	0.001	0.108
>CTTGTTTGTTCT	14-CTTGTTTGTTCT	9.148699	-38.253437	0	T:202.0(6.04%),B:1532.8(3.18%),P:1e-16	Tpos:108.2,Tstd:56.2,Bpos:100.4,Bstd:69.3,StrandBias:-0.1,Multiplicity:1.03
0.048	0.805	0.086	0.061
0.083	0.071	0.062	0.784
0.058	0.001	0.071	0.870
0.001	0.043	0.892	0.064
0.086	0.050	0.036	0.828
0.071	0.054	0.001	0.874
0.075	0.001	0.038	0.886
0.081	0.077	0.764	0.078
0.049	0.075	0.001	0.875
0.081	0.001	0.001	0.917
0.054	0.722	0.098	0.126
0.089	0.059	0.073	0.779
>GGTTAAGTTGGT	15-GGTTAAGTTGGT	12.008240	-36.513853	0	T:24.0(0.72%),B:34.9(0.07%),P:1e-15	Tpos:112.7,Tstd:54.8,Bpos:120.9,Bstd:59.5,StrandBias:0.9,Multiplicity:1.00
0.001	0.001	0.997	0.001
0.119	0.001	0.879	0.001
0.007	0.242	0.007	0.744
0.273	0.129	0.001	0.597
0.872	0.001	0.001	0.126
0.992	0.001	0.001	0.006
0.001	0.119	0.761	0.119
0.001	0.119	0.001	0.879
0.001	0.001	0.001	0.997
0.119	0.001	0.879	0.001
0.119	0.001	0.756	0.124
0.001	0.001	0.006	0.992
>AGCGCAAGTGGT	16-AGCGCAAGTGGT	13.475244	-35.779939	0	T:14.0(0.42%),B:7.4(0.02%),P:1e-15	Tpos:104.7,Tstd:51.0,Bpos:124.5,Bstd:33.2,StrandBias:-0.4,Multiplicity:1.00
0.917	0.081	0.001	0.001
0.001	0.001	0.997	0.001
0.001	0.917	0.081	0.001
0.001	0.001	0.997	0.001
0.081	0.917	0.001	0.001
0.997	0.001	0.001	0.001
0.997	0.001	0.001	0.001
0.001	0.001	0.997	0.001
0.001	0.001	0.001	0.997
0.001	0.001	0.917	0.081
0.082	0.082	0.754	0.082
0.001	0.081	0.001	0.917
>TCTCTTCCCTCT	17-TCTCTTCCCTCT	11.237836	-33.201726	0	T:16.0(0.48%),B:14.0(0.03%),P:1e-14	Tpos:98.9,Tstd:42.7,Bpos:79.8,Bstd:46.5,StrandBias:0.2,Multiplicity:1.00
0.032	0.220	0.034	0.714
0.194	0.419	0.149	0.238
0.060	0.069	0.046	0.825
0.011	0.884	0.048	0.057
0.023	0.138	0.034	0.805
0.034	0.001	0.068	0.897
0.057	0.774	0.034	0.135
0.046	0.711	0.197	0.046
0.218	0.621	0.138	0.023
0.241	0.045	0.001	0.713
0.149	0.570	0.091	0.190
0.012	0.034	0.023	0.931
>ATACACGTACAC	18-ATACACGTACAC	8.843758	-27.521790	0	T:67.0(2.00%),B:355.5(0.74%),P:1e-11	Tpos:103.5,Tstd:55.0,Bpos:95.3,Bstd:71.3,StrandBias:-0.7,Multiplicity:1.04
0.870	0.001	0.001	0.128
0.096	0.098	0.001	0.805
0.806	0.001	0.096	0.097
0.080	0.895	0.001	0.024
0.846	0.001	0.096	0.057
0.130	0.738	0.034	0.098
0.089	0.032	0.846	0.033
0.024	0.067	0.096	0.813
0.934	0.001	0.001	0.064
0.090	0.766	0.064	0.080
0.839	0.064	0.001	0.096
0.067	0.842	0.064	0.027
>CTCTCTCTCTCT	19-CTCTCTCTCTCT	9.968144	-25.019246	0	T:49.0(1.47%),B:227.2(0.47%),P:1e-10	Tpos:110.0,Tstd:47.6,Bpos:77.6,Bstd:79.6,StrandBias:1.4,Multiplicity:1.00
0.038	0.789	0.088	0.085
0.071	0.071	0.079	0.779
0.053	0.848	0.001	0.098
0.071	0.071	0.035	0.823
0.018	0.832	0.035	0.115
0.066	0.107	0.001	0.826
0.072	0.881	0.001	0.046
0.072	0.045	0.001	0.882
0.001	0.828	0.070	0.101
0.017	0.084	0.001	0.898
0.071	0.807	0.060	0.062
0.101	0.078	0.001	0.820
>TTTCTTACCCTT	20-TTTCTTACCCTT	12.786671	-22.360533	0	T:22.0(0.66%),B:56.1(0.12%),P:1e-9	Tpos:85.0,Tstd:56.6,Bpos:89.2,Bstd:72.7,StrandBias:0.9,Multiplicity:1.00
0.001	0.052	0.084	0.863
0.083	0.001	0.001	0.915
0.001	0.001	0.001	0.997
0.033	0.965	0.001	0.001
0.063	0.001	0.001	0.935
0.001	0.083	0.001	0.915
0.935	0.063	0.001	0.001
0.001	0.977	0.001	0.021
0.064	0.814	0.084	0.038
0.001	0.907	0.001	0.091
0.189	0.001	0.001	0.809
0.001	0.001	0.001	0.997
>ACAGCAGAACAC	21-ACAGCAGAACAC	8.960686	-22.248354	0	T:68.0(2.03%),B:412.1(0.86%),P:1e-9	Tpos:109.0,Tstd:49.8,Bpos:102.8,Bstd:63.6,StrandBias:-0.5,Multiplicity:1.02
0.814	0.069	0.071	0.046
0.056	0.931	0.001	0.012
0.891	0.045	0.001	0.063
0.001	0.091	0.800	0.108
0.100	0.761	0.068	0.071
0.981	0.001	0.001	0.017
0.114	0.091	0.715	0.080
0.909	0.045	0.001	0.045
0.794	0.046	0.069	0.091
0.067	0.817	0.075	0.041
0.863	0.068	0.046	0.023
0.081	0.724	0.069	0.126
>RCATATATACKM	22-RCATATATACKM	10.702438	-13.317053	0	T:37.0(1.11%),B:220.7(0.46%),P:1e-5	Tpos:140.4,Tstd:33.3,Bpos:85.0,Bstd:49.4,StrandBias:-0.5,Multiplicity:1.00
0.353	0.001	0.427	0.219
0.144	0.497	0.219	0.139
0.790	0.208	0.001	0.001
0.001	0.001	0.001	0.997
0.860	0.001	0.138	0.001
0.001	0.219	0.278	0.502
0.929	0.001	0.069	0.001
0.001	0.001	0.069	0.929
0.997	0.001	0.001	0.001
0.001	0.997	0.001	0.001
0.001	0.001	0.571	0.427
0.497	0.358	0.070	0.075
>NAAAATTTTTTC	23-NAAAATTTTTTC	11.502866	-10.948195	0	T:53.0(1.58%),B:406.7(0.84%),P:1e-4	Tpos:86.9,Tstd:52.2,Bpos:97.6,Bstd:63.6,StrandBias:-0.5,Multiplicity:1.00
0.184	0.304	0.237	0.275
0.887	0.001	0.001	0.111
0.809	0.095	0.095	0.001
0.743	0.027	0.103	0.127
0.959	0.039	0.001	0.001
0.001	0.314	0.074	0.611
0.001	0.001	0.001	0.997
0.001	0.001	0.001	0.997
0.001	0.001	0.001	0.997
0.001	0.001	0.001	0.997
0.001	0.001	0.001	0.997
0.053	0.668	0.229	0.050
>CAAATCTATATA	24-CAAATCTATATA	14.036091	-10.035952	0	T:7.0(0.21%),B:13.5(0.03%),P:1e-4	Tpos:117.9,Tstd:52.6,Bpos:131.7,Bstd:78.1,StrandBias:0.4,Multiplicity:1.00
0.147	0.851	0.001	0.001
0.997	0.001	0.001	0.001
0.967	0.001	0.001	0.031
0.997	0.001	0.001	0.001
0.194	0.001	0.001	0.804
0.001	0.997	0.001	0.001
0.013	0.018	0.001	0.968
0.997	0.001	0.001	0.001
0.001	0.001	0.001	0.997
0.997	0.001	0.001	0.001
0.001	0.195	0.195	0.609
0.804	0.001	0.194	0.001
>TATATBTATATA	25-TATATBTATATA	12.262167	-5.712400	0	T:83.0(2.48%),B:873.2(1.81%),P:1e-2	Tpos:108.5,Tstd:42.7,Bpos:104.4,Bstd:76.4,StrandBias:1.2,Multiplicity:1.00
0.001	0.001	0.139	0.859
0.943	0.001	0.055	0.001
0.001	0.001	0.001	0.997
0.859	0.139	0.001	0.001
0.139	0.001	0.001	0.859
0.140	0.336	0.243	0.280
0.213	0.001	0.001	0.785
0.997	0.001	0.001	0.001
0.001	0.001	0.279	0.719
0.969	0.001	0.029	0.001
0.001	0.139	0.001	0.859
0.997	0.001	0.001	0.001
>GMGATGAG	1-GMGATGAG	8.030132	-220.338375	0	T:242.0(7.24%),B:646.5(1.34%),P:1e-95	Tpos:93.8,Tstd:64.4,Bpos:99.5,Bstd:69.9,StrandBias:0.4,Multiplicity:1.23
0.001	0.001	0.912	0.086
0.443	0.555	0.001	0.001
0.001	0.001	0.997	0.001
0.997	0.001	0.001	0.001
0.001	0.001	0.001	0.997
0.001	0.001	0.997	0.001
0.997	0.001	0.001	0.001
0.001	0.001	0.997	0.001
>TTTTTTTT	2-TTTTTTTT	9.865350	-122.237138	0	T:973.0(29.10%),B:8747.4(18.15%),P:1e-53	Tpos:103.9,Tstd:65.6,Bpos:101.5,Bstd:82.0,StrandBias:-0.2,Multiplicity:1.22
0.001	0.001	0.001	0.997
0.001	0.001	0.001	0.997
0.001	0.001	0.001	0.997
0.001	0.001	0.001	0.997
0.001	0.001	0.001	0.997
0.001	0.001	0.001	0.997
0.001	0.001	0.001	0.997
0.001	0.300	0.001	0.698
>CWTATATA	3-CWTATATA	5.692698	-114.877840	0	T:1005.0(30.05%),B:9283.4(19.26%),P:1e-49	Tpos:98.9,Tstd:54.4,Bpos:100.6,Bstd:74.2,StrandBias:-0.0,Multiplicity:1.22
0.154	0.416	0.238	0.192
0.252	0.168	0.197	0.383
0.018	0.040	0.077	0.865
0.837	0.066	0.041	0.056
0.041	0.034	0.029	0.896
0.867	0.082	0.009	0.042
0.028	0.041	0.031	0.900
0.839	0.065	0.052	0.044
>GCGATGCG	4-GCGATGCG	4.413336	-113.474235	0	T:1146.0(34.27%),B:11064.8(22.96%),P:1e-49	Tpos:99.6,Tstd:60.4,Bpos:99.9,Bstd:65.2,StrandBias:0.0,Multiplicity:1.18
0.065	0.111	0.767	0.057
0.078	0.749	0.054	0.119
0.114	0.052	0.755	0.079
0.744	0.080	0.059	0.117
0.135	0.040	0.054	0.771
0.094	0.068	0.804	0.034
0.151	0.652	0.115	0.082
0.038	0.130	0.765	0.067
>TYTCTCTT	5-TYTCTCTT	7.225837	-84.096822	0	T:1432.0(42.82%),B:15567.5(32.30%),P:1e-36	Tpos:97.8,Tstd:57.0,Bpos:98.6,Bstd:73.0,StrandBias:-0.1,Multiplicity:1.34
0.001	0.001	0.001	0.997
0.001	0.468	0.001	0.530
0.250	0.001	0.001	0.748
0.001	0.847	0.001	0.151
0.001	0.256	0.001	0.742
0.001	0.854	0.001	0.144
0.001	0.001	0.001	0.997
0.001	0.332	0.001	0.666
>ATTTTTCA	6-ATTTTTCA	9.518153	-70.398390	0	T:438.0(13.10%),B:3537.9(7.34%),P:1e-30	Tpos:96.6,Tstd:68.4,Bpos:100.3,Bstd:67.6,StrandBias:-0.1,Multiplicity:1.11
0.997	0.001	0.001	0.001
0.212	0.001	0.001	0.786
0.001	0.001	0.001	0.997
0.001	0.001	0.001	0.997
0.001	0.001	0.001	0.997
0.001	0.001	0.001	0.997
0.001	0.997	0.001	0.001
0.997	0.001	0.001	0.001
>GACATYWT	7-GACATYWT	7.245624	-55.055726	0	T:468.0(14.00%),B:4164.4(8.64%),P:1e-23	Tpos:99.1,Tstd:53.3,Bpos:100.5,Bstd:61.4,StrandBias:0.2,Multiplicity:1.06
0.001	0.001	0.957	0.041
0.704	0.238	0.001	0.057
0.001	0.944	0.054	0.001
0.868	0.001	0.130	0.001
0.068	0.001	0.032	0.899
0.001	0.417	0.215	0.367
0.303	0.096	0.164	0.437
0.069	0.103	0.033	0.795
>GGGAAARG	8-GGGAAARG	5.930888	-53.047816	0	T:983.0(29.40%),B:10593.5(21.98%),P:1e-23	Tpos:98.4,Tstd:54.4,Bpos:98.3,Bstd:68.8,StrandBias:0.2,Multiplicity:1.19
0.219	0.018	0.713	0.050
0.240	0.082	0.546	0.132
0.058	0.001	0.914	0.027
0.610	0.031	0.320	0.039
0.720	0.121	0.083	0.076
0.879	0.016	0.104	0.001
0.332	0.190	0.477	0.001
0.013	0.053	0.933	0.001
>YGCTTGYT	9-YGCTTGYT	5.822408	-52.761196	0	T:1577.0(47.16%),B:18638.2(38.67%),P:1e-22	Tpos:100.1,Tstd:54.7,Bpos:99.8,Bstd:68.4,StrandBias:0.1,Multiplicity:1.30
0.116	0.485	0.001	0.398
0.169	0.001	0.518	0.312
0.001	0.627	0.044	0.328
0.318	0.001	0.001	0.680
0.226	0.001	0.001	0.772
0.266	0.001	0.730	0.003
0.001	0.525	0.001	0.473
0.095	0.001	0.001	0.903
>ACACACAC	10-ACACACAC	4.935502	-35.986455	0	T:1032.0(30.86%),B:11877.0(24.64%),P:1e-15	Tpos:104.6,Tstd:52.7,Bpos:99.7,Bstd:68.6,StrandBias:0.0,Multiplicity:1.21
0.678	0.088	0.097	0.137
0.132	0.776	0.033	0.059
0.863	0.027	0.076	0.034
0.063	0.803	0.011	0.123
0.793	0.031	0.121	0.055
0.066	0.762	0.038	0.134
0.654	0.082	0.165	0.099
0.111	0.675	0.089	0.125
>GTGGCAAA	11-GTGGCAAA	8.236954	-34.950707	0	T:72.0(2.15%),B:340.2(0.71%),P:1e-15	Tpos:85.5,Tstd:61.3,Bpos:99.7,Bstd:63.4,StrandBias:0.7,Multiplicity:1.00
0.100	0.100	0.700	0.100
0.100	0.100	0.100	0.700
0.100	0.100	0.700	0.100
0.100	0.100	0.700	0.100
0.100	0.700	0.100	0.100
0.700	0.100	0.100	0.100
0.700	0.100	0.100	0.100
0.700	0.100	0.100	0.100
>BTAGTYRT	12-BTAGTYRT	5.971320	-33.396089	0	T:268.0(8.01%),B:2337.9(4.85%),P:1e-14	Tpos:98.2,Tstd:52.2,Bpos:98.9,Bstd:66.7,StrandBias:-0.1,Multiplicity:1.04
0.001	0.289	0.329	0.381
0.001	0.388	0.001	0.610
0.997	0.001	0.001	0.001
0.253	0.202	0.544	0.001
0.093	0.254	0.106	0.547
0.001	0.417	0.090	0.493
0.417	0.176	0.361	0.046
0.001	0.001	0.422	0.576
>TCGGWCAT	13-TCGGWCAT	6.902509	-31.980545	0	T:100.0(2.99%),B:605.8(1.26%),P:1e-13	Tpos:96.2,Tstd:51.4,Bpos:101.4,Bstd:57.7,StrandBias:-0.2,Multiplicity:1.01
0.001	0.403	0.001	0.595
0.001	0.997	0.001	0.001
0.047	0.001	0.951	0.001
0.001	0.001	0.997	0.001
0.551	0.001	0.001	0.447
0.001	0.997	0.001	0.001
0.997	0.001	0.001	0.001
0.001	0.001	0.001	0.997
>AGTGTACT	14-AGTGTACT	6.785168	-30.324331	0	T:334.0(9.99%),B:3171.5(6.58%),P:1e-13	Tpos:105.5,Tstd:52.6,Bpos:99.4,Bstd:66.7,StrandBias:-0.2,Multiplicity:1.03
0.732	0.055	0.034	0.179
0.001	0.001	0.966	0.032
0.001	0.001	0.040	0.958
0.001	0.001	0.997	0.001
0.045	0.001	0.074	0.880
0.871	0.001	0.044	0.084
0.070	0.717	0.144	0.069
0.127	0.001	0.001	0.871
>CTGCTTAA	15-CTGCTTAA	6.656639	-29.969976	0	T:397.0(11.87%),B:3935.5(8.17%),P:1e-13	Tpos:97.7,Tstd:54.2,Bpos:98.3,Bstd:68.4,StrandBias:-0.2,Multiplicity:1.06
0.090	0.772	0.084	0.054
0.001	0.001	0.001	0.997
0.055	0.064	0.798	0.083
0.127	0.871	0.001	0.001
0.001	0.022	0.034	0.943
0.001	0.038	0.001	0.960
0.884	0.001	0.114	0.001
0.769	0.045	0.001	0.185
>TCTTATCT	16-TCTTATCT	7.391380	-27.942626	0	T:282.0(8.43%),B:2620.5(5.44%),P:1e-12	Tpos:97.8,Tstd:52.1,Bpos:99.3,Bstd:66.9,StrandBias:0.0,Multiplicity:1.07
0.001	0.001	0.124	0.874
0.001	0.997	0.001	0.001
0.001	0.090	0.001	0.908
0.001	0.001	0.001	0.997
0.831	0.167	0.001	0.001
0.001	0.189	0.001	0.809
0.001	0.997	0.001	0.001
0.001	0.001	0.001	0.997
>TGTATTGT	17-TGTATTGT	7.927393	-25.914377	0	T:285.0(8.52%),B:2706.3(5.62%),P:1e-11	Tpos:99.9,Tstd:55.7,Bpos:101.1,Bstd:67.8,StrandBias:0.3,Multiplicity:1.05
0.001	0.001	0.001	0.997
0.001	0.100	0.898	0.001
0.001	0.122	0.001	0.876
0.918	0.001	0.080	0.001
0.001	0.148	0.001	0.850
0.095	0.001	0.001	0.903
0.001	0.001	0.997	0.001
0.001	0.117	0.001	0.881
>CTCGASAM	18-CTCGASAM	8.072718	-25.318252	0	T:106.0(3.17%),B:739.0(1.53%),P:1e-10	Tpos:99.9,Tstd:55.4,Bpos:98.2,Bstd:68.3,StrandBias:-0.4,Multiplicity:1.00
0.001	0.997	0.001	0.001
0.393	0.001	0.039	0.567
0.001	0.997	0.001	0.001
0.268	0.001	0.730	0.001
0.669	0.180	0.150	0.001
0.001	0.527	0.471	0.001
0.997	0.001	0.001	0.001
0.488	0.421	0.090	0.001
>ATAGCACG	19-ATAGCACG	7.194649	-23.909545	0	T:167.0(4.99%),B:1402.4(2.91%),P:1e-10	Tpos:99.4,Tstd:56.1,Bpos:100.1,Bstd:65.7,StrandBias:-0.0,Multiplicity:1.02
0.892	0.073	0.001	0.034
0.001	0.028	0.046	0.925
0.948	0.001	0.016	0.035
0.037	0.020	0.871	0.072
0.080	0.918	0.001	0.001
0.982	0.001	0.016	0.001
0.120	0.800	0.079	0.001
0.036	0.001	0.832	0.131
>CATTCATT	20-CATTCATT	9.152000	-23.030727	0	T:149.0(4.46%),B:1222.9(2.54%),P:1e-10	Tpos:99.7,Tstd:58.0,Bpos:99.8,Bstd:61.5,StrandBias:-0.1,Multiplicity:1.04
0.001	0.997	0.001	0.001
0.997	0.001	0.001	0.001
0.001	0.304	0.147	0.548
0.001	0.001	0.001	0.997
0.001	0.997	0.001	0.001
0.997	0.001	0.001	0.001
0.001	0.001	0.001	0.997
0.001	0.001	0.001	0.997
>ACAATGRG	21-ACAATGRG	7.133228	-17.945267	0	T:161.0(4.81%),B:1461.0(3.03%),P:1e-7	Tpos:95.3,Tstd:50.5,Bpos:103.7,Bstd:58.7,StrandBias:0.1,Multiplicity:1.03
0.997	0.001	0.001	0.001
0.001	0.997	0.001	0.001
0.997	0.001	0.001	0.001
0.760	0.238	0.001	0.001
0.001	0.001	0.001	0.997
0.001	0.001	0.997	0.001
0.542	0.001	0.456	0.001
0.001	0.056	0.942	0.001
>TSCTCCCC	22-TSCTCCCC	7.835035	-14.119491	0	T:66.0(1.97%),B:492.4(1.02%),P:1e-6	Tpos:120.6,Tstd:56.0,Bpos:100.2,Bstd:63.7,StrandBias:1.3,Multiplicity:1.02
0.183	0.001	0.002	0.814
0.078	0.377	0.414	0.131
0.001	0.997	0.001	0.001
0.135	0.143	0.001	0.721
0.001	0.856	0.001	0.142
0.001	0.997	0.001	0.001
0.001	0.997	0.001	0.001
0.001	0.914	0.064	0.021
>CGGTTCGA	23-CGGTTCGA	8.236954	-13.379537	0	T:21.0(0.63%),B:87.4(0.18%),P:1e-5	Tpos:104.7,Tstd:58.0,Bpos:110.2,Bstd:69.1,StrandBias:0.4,Multiplicity:1.00
0.100	0.700	0.100	0.100
0.100	0.100	0.700	0.100
0.100	0.100	0.700	0.100
0.100	0.100	0.100	0.700
0.100	0.100	0.100	0.700
0.100	0.700	0.100	0.100
0.100	0.100	0.700	0.100
0.700	0.100	0.100	0.100
>GAGGGGCA	24-GAGGGGCA	9.722249	-10.813076	0	T:45.0(1.35%),B:327.0(0.68%),P:1e-4	Tpos:97.5,Tstd:52.6,Bpos:98.8,Bstd:64.5,StrandBias:0.6,Multiplicity:1.00
0.001	0.001	0.997	0.001
0.997	0.001	0.001	0.001
0.260	0.001	0.738	0.001
0.001	0.001	0.997	0.001
0.001	0.001	0.997	0.001
0.001	0.001	0.997	0.001
0.001	0.997	0.001	0.001
0.997	0.001	0.001	0.001
