>CGATGAGATGAG	1-CGATGAGATGAG	11.424776	-242.265027	0	T:85.0(2.54%),B:28.5(0.06%),P:1e-105	Tpos:90.8,Tstd:66.0,Bpos:87.8,Bstd:72.4,StrandBias:0.8,Multiplicity:1.01
0.159	0.751	0.032	0.058
0.067	0.023	0.887	0.023
0.942	0.012	0.023	0.023
0.061	0.035	0.058	0.846
0.046	0.001	0.942	0.011
0.896	0.046	0.035	0.023
0.023	0.023	0.931	0.023
0.664	0.207	0.083	0.046
0.035	0.012	0.023	0.930
0.070	0.035	0.849	0.046
0.818	0.077	0.035	0.070
0.370	0.023	0.549	0.058
>GCGATGAGCTTW	2-GCGATGAGCTTW	11.859166	-216.812033	0	T:70.0(2.09%),B:18.8(0.04%),P:1e-94	Tpos:102.0,Tstd:69.9,Bpos:76.8,Bstd:57.9,StrandBias:0.0,Multiplicity:1.00
0.001	0.001	0.823	0.175
0.166	0.708	0.001	0.125
0.001	0.001	0.997	0.001
0.997	0.001	0.001	0.001
0.001	0.001	0.001	0.997
0.001	0.001	0.997	0.001
0.917	0.001	0.081	0.001
0.001	0.001	0.997	0.001
0.041	0.865	0.092	0.002
0.175	0.001	0.001	0.823
0.217	0.084	0.174	0.525
0.442	0.218	0.043	0.298
>TGCGATGAGATG	3-TGCGATGAGATG	9.237870	-191.980505	0	T:136.0(4.07%),B:203.2(0.42%),P:1e-83	Tpos:97.1,Tstd:64.9,Bpos:104.2,Bstd:63.3,StrandBias:-0.2,Multiplicity:1.00
0.061	0.034	0.033	0.872
0.152	0.001	0.726	0.121
0.036	0.809	0.068	0.087
0.153	0.001	0.845	0.001
0.966	0.001	0.032	0.001
0.132	0.001	0.033	0.834
0.001	0.001	0.966	0.032
0.846	0.066	0.001	0.087
0.058	0.066	0.776	0.100
0.799	0.033	0.034	0.134
0.033	0.034	0.133	0.800
0.102	0.159	0.602	0.137
>AAMAAGAGAAAA	4-AAMAAGAGAAAA	7.541148	-160.747919	0	T:1602.0(47.91%),B:15937.1(33.07%),P:1e-69	Tpos:101.2,Tstd:57.6,Bpos:100.2,Bstd:74.9,StrandBias:0.0,Multiplicity:1.29
0.735	0.137	0.124	0.004
0.631	0.083	0.254	0.032
0.419	0.359	0.185	0.037
0.904	0.003	0.036	0.057
0.933	0.001	0.049	0.017
0.260	0.133	0.503	0.104
0.768	0.011	0.030	0.191
0.259	0.080	0.613	0.048
0.738	0.088	0.084	0.090
0.894	0.017	0.088	0.001
0.603	0.081	0.313	0.003
0.738	0.080	0.103	0.079
>GAAAATTTTTCA	5-GAAAATTTTTCA	7.637098	-142.886471	0	T:319.0(9.54%),B:1571.3(3.26%),P:1e-62	Tpos:103.0,Tstd:71.7,Bpos:100.7,Bstd:73.9,StrandBias:0.0,Multiplicity:1.03
0.390	0.001	0.608	0.001
0.997	0.001	0.001	0.001
0.997	0.001	0.001	0.001
0.997	0.001	0.001	0.001
0.798	0.001	0.001	0.200
0.270	0.001	0.001	0.728
0.001	0.001	0.001	0.997
0.001	0.001	0.001	0.997
0.001	0.001	0.001	0.997
0.001	0.349	0.001	0.649
0.256	0.652	0.014	0.078
0.613	0.105	0.062	0.220
>RRAAAAAAAAAA	6-RRAAAAAAAAAA	10.193813	-133.663965	0	T:626.0(18.72%),B:4610.5(9.57%),P:1e-58	Tpos:104.0,Tstd:64.2,Bpos:101.9,Bstd:81.9,StrandBias:0.2,Multiplicity:1.14
0.378	0.102	0.321	0.199
0.460	0.011	0.351	0.179
0.642	0.007	0.328	0.023
0.850	0.002	0.134	0.014
0.899	0.014	0.084	0.003
0.926	0.001	0.054	0.019
0.955	0.001	0.020	0.024
0.926	0.013	0.048	0.013
0.911	0.023	0.047	0.019
0.903	0.006	0.063	0.028
0.856	0.062	0.014	0.068
0.823	0.053	0.056	0.068
>BYTTATATATAW	7-BYTTATATATAW	4.564486	-117.752423	0	T:1882.0(56.28%),B:20841.9(43.24%),P:1e-51	Tpos:98.6,Tstd:54.0,Bpos:99.8,Bstd:70.9,StrandBias:0.0,Multiplicity:1.41
0.001	0.372	0.272	0.354
0.025	0.374	0.104	0.496
0.169	0.065	0.274	0.492
0.068	0.168	0.053	0.711
0.579	0.001	0.033	0.387
0.011	0.001	0.001	0.987
0.997	0.001	0.001	0.001
0.001	0.001	0.001	0.997
0.917	0.062	0.001	0.020
0.110	0.029	0.001	0.860
0.711	0.057	0.114	0.118
0.378	0.046	0.063	0.513
>VCGGTGGCAAAA	8-VCGGTGGCAAAA	11.532920	-64.020088	0	T:31.0(0.93%),B:24.4(0.05%),P:1e-27	Tpos:94.8,Tstd:65.1,Bpos:105.7,Bstd:58.2,StrandBias:0.0,Multiplicity:1.00
0.319	0.338	0.237	0.105
0.129	0.724	0.094	0.053
0.093	0.001	0.860	0.046
0.093	0.001	0.905	0.001
0.001	0.001	0.001	0.997
0.001	0.001	0.997	0.001
0.001	0.001	0.997	0.001
0.001	0.997	0.001	0.001
0.859	0.001	0.139	0.001
0.952	0.001	0.001	0.046
0.859	0.139	0.001	0.001
0.907	0.046	0.046	0.001
>CGATGAGCATCG	9-CGATGAGCATCG	9.188745	-60.463185	0	T:50.0(1.50%),B:96.4(0.20%),P:1e-26	Tpos:84.4,Tstd:61.8,Bpos:98.2,Bstd:57.5,StrandBias:0.1,Multiplicity:1.00
0.116	0.678	0.001	0.205
0.089	0.029	0.853	0.029
0.970	0.001	0.028	0.001
0.058	0.029	0.058	0.855
0.116	0.087	0.710	0.087
0.855	0.029	0.058	0.058
0.001	0.028	0.970	0.001
0.116	0.768	0.058	0.058
0.854	0.001	0.029	0.116
0.031	0.029	0.058	0.882
0.087	0.678	0.116	0.119
0.001	0.029	0.941	0.029
>AAGATGTCTGCT	10-AAGATGTCTGCT	12.227547	-51.868689	0	T:17.0(0.51%),B:5.9(0.01%),P:1e-22	Tpos:104.0,Tstd:54.1,Bpos:87.6,Bstd:26.1,StrandBias:0.5,Multiplicity:1.00
0.997	0.001	0.001	0.001
0.892	0.106	0.001	0.001
0.001	0.106	0.787	0.106
0.997	0.001	0.001	0.001
0.001	0.001	0.001	0.997
0.001	0.001	0.997	0.001
0.106	0.001	0.001	0.892
0.001	0.997	0.001	0.001
0.106	0.001	0.001	0.892
0.106	0.001	0.892	0.001
0.133	0.865	0.001	0.001
0.001	0.213	0.106	0.680
>TCAGTCATTCTT	11-TCAGTCATTCTT	9.494550	-46.972061	0	T:107.0(3.20%),B:535.9(1.11%),P:1e-20	Tpos:102.4,Tstd:54.7,Bpos:96.7,Bstd:62.8,StrandBias:0.1,Multiplicity:1.00
0.028	0.039	0.056	0.877
0.014	0.815	0.070	0.101
0.783	0.102	0.030	0.085
0.063	0.120	0.690	0.127
0.069	0.044	0.130	0.757
0.057	0.815	0.019	0.109
0.923	0.001	0.030	0.046
0.037	0.048	0.001	0.914
0.027	0.088	0.001	0.884
0.071	0.743	0.077	0.109
0.126	0.001	0.001	0.872
0.069	0.001	0.037	0.893
>CCGGTTCGATTC	12-CCGGTTCGATTC	10.276217	-41.667166	0	T:35.0(1.05%),B:70.8(0.15%),P:1e-18	Tpos:99.5,Tstd:51.1,Bpos:109.7,Bstd:68.5,StrandBias:-0.2,Multiplicity:1.00
0.001	0.893	0.001	0.105
0.001	0.838	0.054	0.107
0.312	0.001	0.686	0.001
0.102	0.001	0.743	0.154
0.051	0.051	0.001	0.897
0.001	0.102	0.001	0.896
0.051	0.897	0.001	0.051
0.051	0.051	0.847	0.051
0.794	0.001	0.051	0.154
0.052	0.001	0.102	0.845
0.103	0.056	0.051	0.790
0.001	0.897	0.051	0.051
>GGTAGCGTGCTA	13-GGTAGCGTGCTA	9.474512	-39.988482	0	T:35.0(1.05%),B:74.1(0.15%),P:1e-17	Tpos:106.0,Tstd:54.0,Bpos:113.1,Bstd:61.5,StrandBias:0.1,Multiplicity:1.00
0.001	0.001	0.874	0.124
0.037	0.033	0.929	0.001
0.108	0.001	0.097	0.794
0.966	0.001	0.032	0.001
0.033	0.001	0.933	0.033
0.001	0.997	0.001	0.001
0.001	0.066	0.771	0.162
0.001	0.329	0.033	0.637
0.291	0.001	0.707	0.001
0.104	0.725	0.001	0.170
0.203	0.001	0.066	0.730
0.743	0.148	0.001	0.108
>CTTGTTTGTTCT	14-CTTGTTTGTTCT	9.148699	-38.253437	0	T:202.0(6.04%),B:1532.8(3.18%),P:1e-16	Tpos:108.2,Tstd:56.2,Bpos:100.4,Bstd:69.3,StrandBias:-0.1,Multiplicity:1.03
0.048	0.805	0.086	0.061
0.083	0.071	0.062	0.784
0.058	0.001	0.071	0.870
0.001	0.043	0.892	0.064
0.086	0.050	0.036	0.828
0.071	0.054	0.001	0.874
0.075	0.001	0.038	0.886
0.081	0.077	0.764	0.078
0.049	0.075	0.001	0.875
0.081	0.001	0.001	0.917
0.054	0.722	0.098	0.126
0.089	0.059	0.073	0.779
>GGTTAAGTTGGT	15-GGTTAAGTTGGT	12.008240	-36.513853	0	T:24.0(0.72%),B:34.9(0.07%),P:1e-15	Tpos:112.7,Tstd:54.8,Bpos:120.9,Bstd:59.5,StrandBias:0.9,Multiplicity:1.00
0.001	0.001	0.997	0.001
0.119	0.001	0.879	0.001
0.007	0.242	0.007	0.744
0.273	0.129	0.001	0.597
0.872	0.001	0.001	0.126
0.992	0.001	0.001	0.006
0.001	0.119	0.761	0.119
0.001	0.119	0.001	0.879
0.001	0.001	0.001	0.997
0.119	0.001	0.879	0.001
0.119	0.001	0.756	0.124
0.001	0.001	0.006	0.992
>AGCGCAAGTGGT	16-AGCGCAAGTGGT	13.475244	-35.779939	0	T:14.0(0.42%),B:7.4(0.02%),P:1e-15	Tpos:104.7,Tstd:51.0,Bpos:124.5,Bstd:33.2,StrandBias:-0.4,Multiplicity:1.00
0.917	0.081	0.001	0.001
0.001	0.001	0.997	0.001
0.001	0.917	0.081	0.001
0.001	0.001	0.997	0.001
0.081	0.917	0.001	0.001
0.997	0.001	0.001	0.001
0.997	0.001	0.001	0.001
0.001	0.001	0.997	0.001
0.001	0.001	0.001	0.997
0.001	0.001	0.917	0.081
0.082	0.082	0.754	0.082
0.001	0.081	0.001	0.917
>TCTCTTCCCTCT	17-TCTCTTCCCTCT	11.237836	-33.201726	0	T:16.0(0.48%),B:14.0(0.03%),P:1e-14	Tpos:98.9,Tstd:42.7,Bpos:79.8,Bstd:46.5,StrandBias:0.2,Multiplicity:1.00
0.032	0.220	0.034	0.714
0.194	0.419	0.149	0.238
0.060	0.069	0.046	0.825
0.011	0.884	0.048	0.057
0.023	0.138	0.034	0.805
0.034	0.001	0.068	0.897
0.057	0.774	0.034	0.135
0.046	0.711	0.197	0.046
0.218	0.621	0.138	0.023
0.241	0.045	0.001	0.713
0.149	0.570	0.091	0.190
0.012	0.034	0.023	0.931
>ATACACGTACAC	18-ATACACGTACAC	8.843758	-27.521790	0	T:67.0(2.00%),B:355.5(0.74%),P:1e-11	Tpos:103.5,Tstd:55.0,Bpos:95.3,Bstd:71.3,StrandBias:-0.7,Multiplicity:1.04
0.870	0.001	0.001	0.128
0.096	0.098	0.001	0.805
0.806	0.001	0.096	0.097
0.080	0.895	0.001	0.024
0.846	0.001	0.096	0.057
0.130	0.738	0.034	0.098
0.089	0.032	0.846	0.033
0.024	0.067	0.096	0.813
0.934	0.001	0.001	0.064
0.090	0.766	0.064	0.080
0.839	0.064	0.001	0.096
0.067	0.842	0.064	0.027
>CTCTCTCTCTCT	19-CTCTCTCTCTCT	9.968144	-25.019246	0	T:49.0(1.47%),B:227.2(0.47%),P:1e-10	Tpos:110.0,Tstd:47.6,Bpos:77.6,Bstd:79.6,StrandBias:1.4,Multiplicity:1.00
0.038	0.789	0.088	0.085
0.071	0.071	0.079	0.779
0.053	0.848	0.001	0.098
0.071	0.071	0.035	0.823
0.018	0.832	0.035	0.115
0.066	0.107	0.001	0.826
0.072	0.881	0.001	0.046
0.072	0.045	0.001	0.882
0.001	0.828	0.070	0.101
0.017	0.084	0.001	0.898
0.071	0.807	0.060	0.062
0.101	0.078	0.001	0.820
>TTTCTTACCCTT	20-TTTCTTACCCTT	12.786671	-22.360533	0	T:22.0(0.66%),B:56.1(0.12%),P:1e-9	Tpos:85.0,Tstd:56.6,Bpos:89.2,Bstd:72.7,StrandBias:0.9,Multiplicity:1.00
0.001	0.052	0.084	0.863
0.083	0.001	0.001	0.915
0.001	0.001	0.001	0.997
0.033	0.965	0.001	0.001
0.063	0.001	0.001	0.935
0.001	0.083	0.001	0.915
0.935	0.063	0.001	0.001
0.001	0.977	0.001	0.021
0.064	0.814	0.084	0.038
0.001	0.907	0.001	0.091
0.189	0.001	0.001	0.809
0.001	0.001	0.001	0.997
>ACAGCAGAACAC	21-ACAGCAGAACAC	8.960686	-22.248354	0	T:68.0(2.03%),B:412.1(0.86%),P:1e-9	Tpos:109.0,Tstd:49.8,Bpos:102.8,Bstd:63.6,StrandBias:-0.5,Multiplicity:1.02
0.814	0.069	0.071	0.046
0.056	0.931	0.001	0.012
0.891	0.045	0.001	0.063
0.001	0.091	0.800	0.108
0.100	0.761	0.068	0.071
0.981	0.001	0.001	0.017
0.114	0.091	0.715	0.080
0.909	0.045	0.001	0.045
0.794	0.046	0.069	0.091
0.067	0.817	0.075	0.041
0.863	0.068	0.046	0.023
0.081	0.724	0.069	0.126
>RCATATATACKM	22-RCATATATACKM	10.702438	-13.317053	0	T:37.0(1.11%),B:220.7(0.46%),P:1e-5	Tpos:140.4,Tstd:33.3,Bpos:85.0,Bstd:49.4,StrandBias:-0.5,Multiplicity:1.00
0.353	0.001	0.427	0.219
0.144	0.497	0.219	0.139
0.790	0.208	0.001	0.001
0.001	0.001	0.001	0.997
0.860	0.001	0.138	0.001
0.001	0.219	0.278	0.502
0.929	0.001	0.069	0.001
0.001	0.001	0.069	0.929
0.997	0.001	0.001	0.001
0.001	0.997	0.001	0.001
0.001	0.001	0.571	0.427
0.497	0.358	0.070	0.075
>NAAAATTTTTTC	23-NAAAATTTTTTC	11.502866	-10.948195	0	T:53.0(1.58%),B:406.7(0.84%),P:1e-4	Tpos:86.9,Tstd:52.2,Bpos:97.6,Bstd:63.6,StrandBias:-0.5,Multiplicity:1.00
0.184	0.304	0.237	0.275
0.887	0.001	0.001	0.111
0.809	0.095	0.095	0.001
0.743	0.027	0.103	0.127
0.959	0.039	0.001	0.001
0.001	0.314	0.074	0.611
0.001	0.001	0.001	0.997
0.001	0.001	0.001	0.997
0.001	0.001	0.001	0.997
0.001	0.001	0.001	0.997
0.001	0.001	0.001	0.997
0.053	0.668	0.229	0.050
>CAAATCTATATA	24-CAAATCTATATA	14.036091	-10.035952	0	T:7.0(0.21%),B:13.5(0.03%),P:1e-4	Tpos:117.9,Tstd:52.6,Bpos:131.7,Bstd:78.1,StrandBias:0.4,Multiplicity:1.00
0.147	0.851	0.001	0.001
0.997	0.001	0.001	0.001
0.967	0.001	0.001	0.031
0.997	0.001	0.001	0.001
0.194	0.001	0.001	0.804
0.001	0.997	0.001	0.001
0.013	0.018	0.001	0.968
0.997	0.001	0.001	0.001
0.001	0.001	0.001	0.997
0.997	0.001	0.001	0.001
0.001	0.195	0.195	0.609
0.804	0.001	0.194	0.001
>TATATBTATATA	25-TATATBTATATA	12.262167	-5.712400	0	T:83.0(2.48%),B:873.2(1.81%),P:1e-2	Tpos:108.5,Tstd:42.7,Bpos:104.4,Bstd:76.4,StrandBias:1.2,Multiplicity:1.00
0.001	0.001	0.139	0.859
0.943	0.001	0.055	0.001
0.001	0.001	0.001	0.997
0.859	0.139	0.001	0.001
0.139	0.001	0.001	0.859
0.140	0.336	0.243	0.280
0.213	0.001	0.001	0.785
0.997	0.001	0.001	0.001
0.001	0.001	0.279	0.719
0.969	0.001	0.029	0.001
0.001	0.139	0.001	0.859
0.997	0.001	0.001	0.001
