>GCGATGAGVT	1-GCGATGAGVT	9.529945	-314.419715	0	T:192.0(5.74%),B:224.2(0.47%),P:1e-136	Tpos:89.8,Tstd:64.4,Bpos:102.9,Bstd:70.2,StrandBias:0.2,Multiplicity:1.02
0.001	0.001	0.788	0.210
0.171	0.761	0.001	0.067
0.001	0.001	0.997	0.001
0.992	0.004	0.001	0.003
0.001	0.001	0.001	0.997
0.001	0.001	0.997	0.001
0.813	0.001	0.185	0.001
0.001	0.001	0.917	0.081
0.334	0.290	0.312	0.064
0.280	0.103	0.001	0.616
>GATGAGCTKA	2-GATGAGCTKA	10.489442	-201.992813	0	T:118.0(3.53%),B:127.6(0.26%),P:1e-87	Tpos:96.4,Tstd:65.3,Bpos:91.4,Bstd:66.9,StrandBias:0.3,Multiplicity:1.21
0.001	0.001	0.997	0.001
0.997	0.001	0.001	0.001
0.001	0.001	0.001	0.997
0.001	0.001	0.997	0.001
0.997	0.001	0.001	0.001
0.001	0.001	0.997	0.001
0.123	0.875	0.001	0.001
0.021	0.001	0.001	0.977
0.072	0.001	0.488	0.439
0.595	0.403	0.001	0.001
>AAGAGAAAAG	3-AAGAGAAAAG	6.542581	-162.760046	0	T:1739.0(52.00%),B:17746.2(36.82%),P:1e-70	Tpos:100.0,Tstd:56.0,Bpos:99.0,Bstd:72.9,StrandBias:0.0,Multiplicity:1.30
0.734	0.060	0.165	0.041
0.854	0.024	0.108	0.014
0.231	0.034	0.651	0.084
0.634	0.121	0.118	0.127
0.193	0.055	0.653	0.099
0.863	0.014	0.014	0.109
0.665	0.138	0.172	0.025
0.586	0.131	0.206	0.077
0.798	0.031	0.118	0.053
0.237	0.116	0.564	0.083
>TTTTTTTYCY	4-TTTTTTTYCY	5.238212	-160.132974	0	T:1139.0(34.06%),B:10044.4(20.84%),P:1e-69	Tpos:103.8,Tstd:64.4,Bpos:101.7,Bstd:80.8,StrandBias:-0.2,Multiplicity:1.24
0.001	0.001	0.001	0.997
0.001	0.001	0.001	0.997
0.001	0.001	0.001	0.997
0.001	0.133	0.001	0.865
0.001	0.001	0.001	0.997
0.001	0.001	0.001	0.997
0.001	0.001	0.001	0.997
0.001	0.550	0.001	0.448
0.001	0.763	0.001	0.235
0.001	0.535	0.001	0.463
>AAAHTTTTYM	5-AAAHTTTTYM	6.355898	-134.669678	0	T:211.0(6.31%),B:793.6(1.65%),P:1e-58	Tpos:102.2,Tstd:74.6,Bpos:104.0,Bstd:66.3,StrandBias:0.1,Multiplicity:1.04
0.509	0.009	0.257	0.225
0.478	0.296	0.042	0.184
0.566	0.241	0.192	0.001
0.340	0.194	0.137	0.330
0.014	0.225	0.255	0.506
0.180	0.127	0.210	0.483
0.243	0.004	0.206	0.547
0.001	0.269	0.237	0.493
0.137	0.421	0.104	0.339
0.461	0.525	0.004	0.010
>TATATAWAVV	6-TATATAWAVV	6.247243	-125.944150	0	T:1024.0(30.62%),B:9291.4(19.28%),P:1e-54	Tpos:98.4,Tstd:54.8,Bpos:100.3,Bstd:73.7,StrandBias:0.0,Multiplicity:1.64
0.136	0.043	0.076	0.745
0.734	0.088	0.071	0.107
0.052	0.059	0.037	0.852
0.901	0.010	0.028	0.061
0.152	0.032	0.037	0.779
0.826	0.084	0.047	0.043
0.309	0.126	0.148	0.417
0.496	0.082	0.229	0.192
0.358	0.223	0.291	0.128
0.223	0.241	0.369	0.167
>TACTCATCGC	7-TACTCATCGC	6.961929	-73.446149	0	T:300.0(8.97%),B:2047.9(4.25%),P:1e-31	Tpos:101.7,Tstd:55.0,Bpos:100.5,Bstd:64.4,StrandBias:-0.3,Multiplicity:1.03
0.153	0.054	0.001	0.792
0.841	0.001	0.137	0.021
0.106	0.690	0.120	0.084
0.054	0.104	0.141	0.701
0.051	0.947	0.001	0.001
0.846	0.085	0.061	0.008
0.001	0.001	0.001	0.997
0.187	0.793	0.019	0.001
0.172	0.052	0.573	0.203
0.083	0.604	0.124	0.189
>AGCCATCTTK	8-AGCCATCTTK	8.471592	-70.227031	0	T:220.0(6.58%),B:1318.2(2.74%),P:1e-30	Tpos:93.7,Tstd:53.1,Bpos:97.6,Bstd:59.6,StrandBias:-0.2,Multiplicity:1.01
0.577	0.085	0.123	0.215
0.001	0.001	0.881	0.117
0.309	0.689	0.001	0.001
0.001	0.997	0.001	0.001
0.997	0.001	0.001	0.001
0.001	0.030	0.001	0.968
0.001	0.577	0.193	0.229
0.001	0.068	0.263	0.668
0.001	0.001	0.001	0.997
0.076	0.052	0.370	0.502
>GGTGGCAAAA	9-GGTGGCAAAA	11.384382	-55.799830	0	T:36.0(1.08%),B:48.4(0.10%),P:1e-24	Tpos:74.3,Tstd:66.2,Bpos:100.1,Bstd:44.7,StrandBias:0.3,Multiplicity:1.00
0.001	0.001	0.997	0.001
0.001	0.001	0.997	0.001
0.001	0.001	0.001	0.997
0.001	0.001	0.997	0.001
0.001	0.001	0.997	0.001
0.001	0.997	0.001	0.001
0.894	0.001	0.104	0.001
0.997	0.001	0.001	0.001
0.997	0.001	0.001	0.001
0.826	0.001	0.001	0.172
>RGRRGRGRGR	10-RGRRGRGRGR	5.356442	-55.313918	0	T:718.0(21.47%),B:7155.8(14.85%),P:1e-24	Tpos:99.3,Tstd:53.0,Bpos:99.0,Bstd:67.6,StrandBias:-0.0,Multiplicity:1.10
0.378	0.120	0.439	0.063
0.306	0.105	0.458	0.130
0.368	0.061	0.516	0.055
0.414	0.056	0.406	0.124
0.317	0.048	0.505	0.130
0.487	0.056	0.407	0.050
0.319	0.113	0.514	0.054
0.453	0.054	0.429	0.065
0.063	0.046	0.840	0.051
0.308	0.188	0.368	0.136
>GTGTTGTGCT	11-GTGTTGTGCT	4.707415	-49.902543	0	T:1505.0(45.01%),B:17749.8(36.83%),P:1e-21	Tpos:99.5,Tstd:52.4,Bpos:99.3,Bstd:64.2,StrandBias:-0.0,Multiplicity:1.33
0.013	0.157	0.657	0.173
0.111	0.074	0.110	0.705
0.142	0.034	0.766	0.058
0.152	0.176	0.142	0.530
0.186	0.079	0.048	0.687
0.154	0.123	0.610	0.113
0.078	0.083	0.067	0.772
0.034	0.087	0.809	0.070
0.016	0.659	0.162	0.163
0.039	0.004	0.105	0.852
>ACACACACAC	12-ACACACACAC	5.872199	-45.740964	0	T:577.0(17.25%),B:5684.0(11.79%),P:1e-19	Tpos:107.4,Tstd:51.8,Bpos:98.8,Bstd:70.2,StrandBias:0.0,Multiplicity:1.12
0.686	0.132	0.106	0.076
0.257	0.660	0.035	0.048
0.759	0.001	0.188	0.052
0.050	0.797	0.004	0.149
0.837	0.001	0.153	0.009
0.117	0.642	0.022	0.219
0.752	0.006	0.241	0.001
0.055	0.870	0.015	0.060
0.626	0.146	0.161	0.067
0.192	0.533	0.082	0.193
>GCTGCTTGCT	13-GCTGCTTGCT	6.352409	-41.828782	0	T:186.0(5.56%),B:1317.4(2.73%),P:1e-18	Tpos:104.1,Tstd:57.6,Bpos:100.2,Bstd:66.8,StrandBias:0.1,Multiplicity:1.02
0.229	0.052	0.641	0.078
0.052	0.659	0.083	0.206
0.183	0.103	0.079	0.635
0.069	0.240	0.614	0.077
0.047	0.703	0.079	0.171
0.151	0.153	0.123	0.573
0.161	0.213	0.090	0.536
0.162	0.075	0.659	0.104
0.064	0.654	0.135	0.147
0.067	0.301	0.037	0.595
>SVTGTCCTGT	14-SVTGTCCTGT	6.607449	-38.306227	0	T:81.0(2.42%),B:388.9(0.81%),P:1e-16	Tpos:97.0,Tstd:56.3,Bpos:103.0,Bstd:58.8,StrandBias:-0.1,Multiplicity:1.00
0.060	0.317	0.458	0.165
0.400	0.286	0.288	0.026
0.030	0.020	0.391	0.559
0.059	0.214	0.559	0.168
0.278	0.031	0.187	0.504
0.270	0.680	0.020	0.030
0.033	0.929	0.019	0.019
0.025	0.386	0.021	0.568
0.037	0.286	0.477	0.200
0.206	0.287	0.021	0.485
>GGTTCGAGTC	15-GGTTCGAGTC	9.691339	-36.151978	0	T:33.0(0.99%),B:74.5(0.15%),P:1e-15	Tpos:116.1,Tstd:46.5,Bpos:101.1,Bstd:62.3,StrandBias:0.4,Multiplicity:1.00
0.001	0.001	0.997	0.001
0.001	0.001	0.855	0.143
0.001	0.001	0.001	0.997
0.001	0.001	0.273	0.725
0.001	0.997	0.001	0.001
0.001	0.001	0.997	0.001
0.997	0.001	0.001	0.001
0.001	0.052	0.903	0.044
0.001	0.001	0.206	0.792
0.273	0.725	0.001	0.001
>GAGTGAGTAA	16-GAGTGAGTAA	6.060362	-35.186359	0	T:320.0(9.57%),B:2891.8(6.00%),P:1e-15	Tpos:99.0,Tstd:55.0,Bpos:99.6,Bstd:66.9,StrandBias:-0.1,Multiplicity:1.04
0.147	0.139	0.538	0.176
0.728	0.139	0.038	0.095
0.197	0.114	0.578	0.111
0.145	0.149	0.154	0.552
0.230	0.054	0.571	0.145
0.667	0.077	0.088	0.168
0.169	0.171	0.490	0.171
0.198	0.142	0.127	0.533
0.644	0.059	0.149	0.148
0.660	0.114	0.138	0.088
>GAGTGGCAAA	17-GAGTGGCAAA	6.924754	-23.855850	0	T:77.0(2.30%),B:478.9(0.99%),P:1e-10	Tpos:103.0,Tstd:53.5,Bpos:91.0,Bstd:63.5,StrandBias:0.4,Multiplicity:1.01
0.003	0.042	0.954	0.001
0.997	0.001	0.001	0.001
0.001	0.001	0.997	0.001
0.019	0.001	0.001	0.979
0.042	0.188	0.769	0.001
0.001	0.001	0.997	0.001
0.005	0.898	0.096	0.001
0.648	0.001	0.230	0.121
0.747	0.251	0.001	0.001
0.997	0.001	0.001	0.001
>TCCGCCTAAC	18-TCCGCCTAAC	11.713639	-23.353158	0	T:8.0(0.24%),B:3.6(0.01%),P:1e-10	Tpos:68.1,Tstd:59.7,Bpos:101.0,Bstd:38.7,StrandBias:1.6,Multiplicity:1.00
0.001	0.001	0.001	0.997
0.001	0.997	0.001	0.001
0.001	0.997	0.001	0.001
0.001	0.001	0.997	0.001
0.001	0.997	0.001	0.001
0.001	0.859	0.139	0.001
0.001	0.001	0.001	0.997
0.997	0.001	0.001	0.001
0.997	0.001	0.001	0.001
0.001	0.859	0.001	0.139
>CACTTGCGCT	19-CACTTGCGCT	11.226183	-21.298599	0	T:14.0(0.42%),B:21.1(0.04%),P:1e-9	Tpos:117.4,Tstd:48.7,Bpos:97.5,Bstd:65.6,StrandBias:0.4,Multiplicity:1.00
0.001	0.997	0.001	0.001
0.997	0.001	0.001	0.001
0.001	0.997	0.001	0.001
0.001	0.101	0.001	0.897
0.001	0.101	0.001	0.897
0.001	0.101	0.897	0.001
0.001	0.997	0.001	0.001
0.001	0.101	0.897	0.001
0.001	0.997	0.001	0.001
0.001	0.001	0.001	0.997
>GCGCGCTACC	20-GCGCGCTACC	10.803162	-20.292479	0	T:11.0(0.33%),B:12.8(0.03%),P:1e-8	Tpos:106.6,Tstd:63.5,Bpos:106.4,Bstd:59.0,StrandBias:-0.2,Multiplicity:1.36
0.102	0.001	0.896	0.001
0.092	0.899	0.001	0.008
0.001	0.091	0.907	0.001
0.001	0.997	0.001	0.001
0.001	0.001	0.997	0.001
0.001	0.877	0.001	0.121
0.121	0.001	0.001	0.877
0.696	0.212	0.001	0.091
0.001	0.877	0.001	0.121
0.001	0.997	0.001	0.001
>CACGCCTTCC	21-CACGCCTTCC	10.296193	-18.551968	0	T:6.0(0.18%),B:2.8(0.01%),P:1e-8	Tpos:127.6,Tstd:48.3,Bpos:161.8,Bstd:15.2,StrandBias:0.6,Multiplicity:1.00
0.100	0.700	0.100	0.100
0.700	0.100	0.100	0.100
0.100	0.700	0.100	0.100
0.100	0.100	0.700	0.100
0.100	0.700	0.100	0.100
0.100	0.700	0.100	0.100
0.100	0.100	0.100	0.700
0.100	0.100	0.100	0.700
0.100	0.700	0.100	0.100
0.100	0.700	0.100	0.100
>GGGTAAATCG	22-GGGTAAATCG	12.015743	-17.745873	0	T:7.0(0.21%),B:4.2(0.01%),P:1e-7	Tpos:109.3,Tstd:27.6,Bpos:91.0,Bstd:36.8,StrandBias:2.6,Multiplicity:1.00
0.001	0.001	0.997	0.001
0.001	0.001	0.997	0.001
0.001	0.001	0.997	0.001
0.001	0.001	0.001	0.997
0.836	0.162	0.001	0.001
0.997	0.001	0.001	0.001
0.997	0.001	0.001	0.001
0.001	0.001	0.001	0.997
0.001	0.997	0.001	0.001
0.001	0.001	0.997	0.001
>GTAGTGCACA	23-GTAGTGCACA	12.015743	-16.178360	0	T:6.0(0.18%),B:3.6(0.01%),P:1e-7	Tpos:137.2,Tstd:32.7,Bpos:103.8,Bstd:30.7,StrandBias:10.0,Multiplicity:1.00
0.001	0.001	0.997	0.001
0.001	0.001	0.001	0.997
0.997	0.001	0.001	0.001
0.001	0.001	0.997	0.001
0.001	0.001	0.001	0.997
0.001	0.001	0.997	0.001
0.001	0.997	0.001	0.001
0.997	0.001	0.001	0.001
0.001	0.997	0.001	0.001
0.836	0.001	0.162	0.001
>GATGGTAGTC	24-GATGGTAGTC	10.296193	-12.810634	0	T:5.0(0.15%),B:3.2(0.01%),P:1e-5	Tpos:98.0,Tstd:53.4,Bpos:101.0,Bstd:30.9,StrandBias:-0.6,Multiplicity:1.00
0.100	0.100	0.700	0.100
0.700	0.100	0.100	0.100
0.100	0.100	0.100	0.700
0.100	0.100	0.700	0.100
0.100	0.100	0.700	0.100
0.100	0.100	0.100	0.700
0.700	0.100	0.100	0.100
0.100	0.100	0.700	0.100
0.100	0.100	0.100	0.700
0.100	0.700	0.100	0.100
>CTCGTAAATA	25-CTCGTAAATA	8.552271	-11.201200	0	T:110.0(3.29%),B:1035.2(2.15%),P:1e-4	Tpos:105.3,Tstd:56.0,Bpos:100.7,Bstd:68.7,StrandBias:0.1,Multiplicity:1.03
0.001	0.997	0.001	0.001
0.001	0.114	0.001	0.884
0.001	0.704	0.001	0.294
0.264	0.001	0.566	0.169
0.001	0.178	0.001	0.820
0.997	0.001	0.001	0.001
0.640	0.358	0.001	0.001
0.748	0.250	0.001	0.001
0.001	0.241	0.001	0.757
0.658	0.001	0.340	0.001
