>GCGATGAGVT	1-GCGATGAGVT,BestGuess:TOD6/MA0350.2/Jaspar(0.973)	9.529945	-314.419715	0	T:192.0(5.74%),B:224.2(0.47%),P:1e-136
0.001	0.001	0.788	0.210
0.171	0.761	0.001	0.067
0.001	0.001	0.997	0.001
0.992	0.004	0.001	0.003
0.001	0.001	0.001	0.997
0.001	0.001	0.997	0.001
0.813	0.001	0.185	0.001
0.001	0.001	0.917	0.081
0.334	0.290	0.312	0.064
0.280	0.103	0.001	0.616
>AAGAGAAAAG	3-AAGAGAAAAG,BestGuess:AZF1/MA0277.1/Jaspar(0.733)	6.542581	-162.760046	0	T:1739.0(52.00%),B:17746.2(36.82%),P:1e-70
0.734	0.060	0.165	0.041
0.854	0.024	0.108	0.014
0.231	0.034	0.651	0.084
0.634	0.121	0.118	0.127
0.193	0.055	0.653	0.099
0.863	0.014	0.014	0.109
0.665	0.138	0.172	0.025
0.586	0.131	0.206	0.077
0.798	0.031	0.118	0.053
0.237	0.116	0.564	0.083
>GAAAATTTTTCA	5-GAAAATTTTTCA,BestGuess:SFP1/SacCer-Promoters/Homer(0.969)	7.637098	-142.886471	0	T:319.0(9.54%),B:1571.3(3.26%),P:1e-62
0.390	0.001	0.608	0.001
0.997	0.001	0.001	0.001
0.997	0.001	0.001	0.001
0.997	0.001	0.001	0.001
0.798	0.001	0.001	0.200
0.270	0.001	0.001	0.728
0.001	0.001	0.001	0.997
0.001	0.001	0.001	0.997
0.001	0.001	0.001	0.997
0.001	0.349	0.001	0.649
0.256	0.652	0.014	0.078
0.613	0.105	0.062	0.220
>TATATAWAVV	6-TATATAWAVV,BestGuess:TATA-box/SacCer-Promoters/Homer(0.959)	6.247243	-125.944150	0	T:1024.0(30.62%),B:9291.4(19.28%),P:1e-54
0.136	0.043	0.076	0.745
0.734	0.088	0.071	0.107
0.052	0.059	0.037	0.852
0.901	0.010	0.028	0.061
0.152	0.032	0.037	0.779
0.826	0.084	0.047	0.043
0.309	0.126	0.148	0.417
0.496	0.082	0.229	0.192
0.358	0.223	0.291	0.128
0.223	0.241	0.369	0.167
>AGCCATCTTK	8-AGCCATCTTK,BestGuess:YAP5/MA0417.1/Jaspar(0.611)	8.471592	-70.227031	0	T:220.0(6.58%),B:1318.2(2.74%),P:1e-30
0.577	0.085	0.123	0.215
0.001	0.001	0.881	0.117
0.309	0.689	0.001	0.001
0.001	0.997	0.001	0.001
0.997	0.001	0.001	0.001
0.001	0.030	0.001	0.968
0.001	0.577	0.193	0.229
0.001	0.068	0.263	0.668
0.001	0.001	0.001	0.997
0.076	0.052	0.370	0.502
>VCGGTGGCAAAA	8-VCGGTGGCAAAA,BestGuess:RPN4(MacIsaac)/Yeast(0.965)	11.532920	-64.020088	0	T:31.0(0.93%),B:24.4(0.05%),P:1e-27
0.319	0.338	0.237	0.105
0.129	0.724	0.094	0.053
0.093	0.001	0.860	0.046
0.093	0.001	0.905	0.001
0.001	0.001	0.001	0.997
0.001	0.001	0.997	0.001
0.001	0.001	0.997	0.001
0.001	0.997	0.001	0.001
0.859	0.001	0.139	0.001
0.952	0.001	0.001	0.046
0.859	0.139	0.001	0.001
0.907	0.046	0.046	0.001
>RGRRGRGRGR	10-RGRRGRGRGR,BestGuess:MSN2/MA0341.1/Jaspar(0.604)	5.356442	-55.313918	0	T:718.0(21.47%),B:7155.8(14.85%),P:1e-24
0.378	0.120	0.439	0.063
0.306	0.105	0.458	0.130
0.368	0.061	0.516	0.055
0.414	0.056	0.406	0.124
0.317	0.048	0.505	0.130
0.487	0.056	0.407	0.050
0.319	0.113	0.514	0.054
0.453	0.054	0.429	0.065
0.063	0.046	0.840	0.051
0.308	0.188	0.368	0.136
>YGCTTGYT	9-YGCTTGYT,BestGuess:HCM1/MA0317.2/Jaspar(0.685)	5.822408	-52.761196	0	T:1577.0(47.16%),B:18638.2(38.67%),P:1e-22
0.116	0.485	0.001	0.398
0.169	0.001	0.518	0.312
0.001	0.627	0.044	0.328
0.318	0.001	0.001	0.680
0.226	0.001	0.001	0.772
0.266	0.001	0.730	0.003
0.001	0.525	0.001	0.473
0.095	0.001	0.001	0.903
>GTGTTGTGCT	11-GTGTTGTGCT,BestGuess:MAC1/MA0326.1/Jaspar(0.626)	4.707415	-49.902543	0	T:1505.0(45.01%),B:17749.8(36.83%),P:1e-21
0.013	0.157	0.657	0.173
0.111	0.074	0.110	0.705
0.142	0.034	0.766	0.058
0.152	0.176	0.142	0.530
0.186	0.079	0.048	0.687
0.154	0.123	0.610	0.113
0.078	0.083	0.067	0.772
0.034	0.087	0.809	0.070
0.016	0.659	0.162	0.163
0.039	0.004	0.105	0.852
>ACACACACAC	12-ACACACACAC,BestGuess:RAP1(MacIsaac)/Yeast(0.703)	5.872199	-45.740964	0	T:577.0(17.25%),B:5684.0(11.79%),P:1e-19
0.686	0.132	0.106	0.076
0.257	0.660	0.035	0.048
0.759	0.001	0.188	0.052
0.050	0.797	0.004	0.149
0.837	0.001	0.153	0.009
0.117	0.642	0.022	0.219
0.752	0.006	0.241	0.001
0.055	0.870	0.015	0.060
0.626	0.146	0.161	0.067
0.192	0.533	0.082	0.193
>CCGGTTCGATTC	12-CCGGTTCGATTC,BestGuess:OPI1/Literature(Harbison)/Yeast(0.711)	10.276217	-41.667166	0	T:35.0(1.05%),B:70.8(0.15%),P:1e-18
0.001	0.893	0.001	0.105
0.001	0.838	0.054	0.107
0.312	0.001	0.686	0.001
0.102	0.001	0.743	0.154
0.051	0.051	0.001	0.897
0.001	0.102	0.001	0.896
0.051	0.897	0.001	0.051
0.051	0.051	0.847	0.051
0.794	0.001	0.051	0.154
0.052	0.001	0.102	0.845
0.103	0.056	0.051	0.790
0.001	0.897	0.051	0.051
>GGTAGCGTGCTA	13-GGTAGCGTGCTA,BestGuess:STP3/MA0396.2/Jaspar(0.701)	9.474512	-39.988482	0	T:35.0(1.05%),B:74.1(0.15%),P:1e-17
0.001	0.001	0.874	0.124
0.037	0.033	0.929	0.001
0.108	0.001	0.097	0.794
0.966	0.001	0.032	0.001
0.033	0.001	0.933	0.033
0.001	0.997	0.001	0.001
0.001	0.066	0.771	0.162
0.001	0.329	0.033	0.637
0.291	0.001	0.707	0.001
0.104	0.725	0.001	0.170
0.203	0.001	0.066	0.730
0.743	0.148	0.001	0.108
>SVTGTCCTGT	14-SVTGTCCTGT,BestGuess:MF0004.1_Nuclear_Receptor_class/Jaspar(0.764)	6.607449	-38.306227	0	T:81.0(2.42%),B:388.9(0.81%),P:1e-16
0.060	0.317	0.458	0.165
0.400	0.286	0.288	0.026
0.030	0.020	0.391	0.559
0.059	0.214	0.559	0.168
0.278	0.031	0.187	0.504
0.270	0.680	0.020	0.030
0.033	0.929	0.019	0.019
0.025	0.386	0.021	0.568
0.037	0.286	0.477	0.200
0.206	0.287	0.021	0.485
>GGTTAAGTTGGT	15-GGTTAAGTTGGT,BestGuess:GTS1(MacIsaac)/Yeast(0.606)	12.008240	-36.513853	0	T:24.0(0.72%),B:34.9(0.07%),P:1e-15
0.001	0.001	0.997	0.001
0.119	0.001	0.879	0.001
0.007	0.242	0.007	0.744
0.273	0.129	0.001	0.597
0.872	0.001	0.001	0.126
0.992	0.001	0.001	0.006
0.001	0.119	0.761	0.119
0.001	0.119	0.001	0.879
0.001	0.001	0.001	0.997
0.119	0.001	0.879	0.001
0.119	0.001	0.756	0.124
0.001	0.001	0.006	0.992
>AGCGCAAGTGGT	16-AGCGCAAGTGGT,BestGuess:INO2/INO2_YPD/1-INO4,2-INO2(Harbison)/Yeast(0.657)	13.475244	-35.779939	0	T:14.0(0.42%),B:7.4(0.02%),P:1e-15
0.917	0.081	0.001	0.001
0.001	0.001	0.997	0.001
0.001	0.917	0.081	0.001
0.001	0.001	0.997	0.001
0.081	0.917	0.001	0.001
0.997	0.001	0.001	0.001
0.997	0.001	0.001	0.001
0.001	0.001	0.997	0.001
0.001	0.001	0.001	0.997
0.001	0.001	0.917	0.081
0.082	0.082	0.754	0.082
0.001	0.081	0.001	0.917
>GAGTGAGTAA	16-GAGTGAGTAA,BestGuess:ARR1/Literature(Harbison)/Yeast(0.649)	6.060362	-35.186359	0	T:320.0(9.57%),B:2891.8(6.00%),P:1e-15
0.147	0.139	0.538	0.176
0.728	0.139	0.038	0.095
0.197	0.114	0.578	0.111
0.145	0.149	0.154	0.552
0.230	0.054	0.571	0.145
0.667	0.077	0.088	0.168
0.169	0.171	0.490	0.171
0.198	0.142	0.127	0.533
0.644	0.059	0.149	0.148
0.660	0.114	0.138	0.088
>BTAGTYRT	12-BTAGTYRT,BestGuess:YAP1(MacIsaac)/Yeast(0.652)	5.971320	-33.396089	0	T:268.0(8.01%),B:2337.9(4.85%),P:1e-14
0.001	0.289	0.329	0.381
0.001	0.388	0.001	0.610
0.997	0.001	0.001	0.001
0.253	0.202	0.544	0.001
0.093	0.254	0.106	0.547
0.001	0.417	0.090	0.493
0.417	0.176	0.361	0.046
0.001	0.001	0.422	0.576
>TCTCTTCCCTCT	17-TCTCTTCCCTCT,BestGuess:SFL1/MA0377.2/Jaspar(0.716)	11.237836	-33.201726	0	T:16.0(0.48%),B:14.0(0.03%),P:1e-14
0.032	0.220	0.034	0.714
0.194	0.419	0.149	0.238
0.060	0.069	0.046	0.825
0.011	0.884	0.048	0.057
0.023	0.138	0.034	0.805
0.034	0.001	0.068	0.897
0.057	0.774	0.034	0.135
0.046	0.711	0.197	0.046
0.218	0.621	0.138	0.023
0.241	0.045	0.001	0.713
0.149	0.570	0.091	0.190
0.012	0.034	0.023	0.931
>TCGGWCAT	13-TCGGWCAT,BestGuess:YRM1/MA0438.2/Jaspar(0.787)	6.902509	-31.980545	0	T:100.0(2.99%),B:605.8(1.26%),P:1e-13
0.001	0.403	0.001	0.595
0.001	0.997	0.001	0.001
0.047	0.001	0.951	0.001
0.001	0.001	0.997	0.001
0.551	0.001	0.001	0.447
0.001	0.997	0.001	0.001
0.997	0.001	0.001	0.001
0.001	0.001	0.001	0.997
>AGTGTACT	14-AGTGTACT,BestGuess:MATALPHA2/MA0328.2/Jaspar(0.695)	6.785168	-30.324331	0	T:334.0(9.99%),B:3171.5(6.58%),P:1e-13
0.732	0.055	0.034	0.179
0.001	0.001	0.966	0.032
0.001	0.001	0.040	0.958
0.001	0.001	0.997	0.001
0.045	0.001	0.074	0.880
0.871	0.001	0.044	0.084
0.070	0.717	0.144	0.069
0.127	0.001	0.001	0.871
>CTGCTTAA	15-CTGCTTAA,BestGuess:PHO2(MacIsaac)/Yeast(0.663)	6.656639	-29.969976	0	T:397.0(11.87%),B:3935.5(8.17%),P:1e-13
0.090	0.772	0.084	0.054
0.001	0.001	0.001	0.997
0.055	0.064	0.798	0.083
0.127	0.871	0.001	0.001
0.001	0.022	0.034	0.943
0.001	0.038	0.001	0.960
0.884	0.001	0.114	0.001
0.769	0.045	0.001	0.185
>CTCGASAM	18-CTCGASAM,BestGuess:ARO80/MA0273.2/Jaspar(0.682)	8.072718	-25.318252	0	T:106.0(3.17%),B:739.0(1.53%),P:1e-10
0.001	0.997	0.001	0.001
0.393	0.001	0.039	0.567
0.001	0.997	0.001	0.001
0.268	0.001	0.730	0.001
0.669	0.180	0.150	0.001
0.001	0.527	0.471	0.001
0.997	0.001	0.001	0.001
0.488	0.421	0.090	0.001
>TCCGCCTAAC	18-TCCGCCTAAC,BestGuess:CHA4/MA0283.1/Jaspar(0.711)	11.713639	-23.353158	0	T:8.0(0.24%),B:3.6(0.01%),P:1e-10
0.001	0.001	0.001	0.997
0.001	0.997	0.001	0.001
0.001	0.997	0.001	0.001
0.001	0.001	0.997	0.001
0.001	0.997	0.001	0.001
0.001	0.859	0.139	0.001
0.001	0.001	0.001	0.997
0.997	0.001	0.001	0.001
0.997	0.001	0.001	0.001
0.001	0.859	0.001	0.139
>CATTCATT	20-CATTCATT,BestGuess:TEC1/TEC1_YPD/[](Harbison)/Yeast(0.701)	9.152000	-23.030727	0	T:149.0(4.46%),B:1222.9(2.54%),P:1e-10
0.001	0.997	0.001	0.001
0.997	0.001	0.001	0.001
0.001	0.304	0.147	0.548
0.001	0.001	0.001	0.997
0.001	0.997	0.001	0.001
0.997	0.001	0.001	0.001
0.001	0.001	0.001	0.997
0.001	0.001	0.001	0.997
>CACGCCTTCC	21-CACGCCTTCC,BestGuess:GCR2/MA0305.2/Jaspar(0.666)	10.296193	-18.551968	0	T:6.0(0.18%),B:2.8(0.01%),P:1e-8
0.100	0.700	0.100	0.100
0.700	0.100	0.100	0.100
0.100	0.700	0.100	0.100
0.100	0.100	0.700	0.100
0.100	0.700	0.100	0.100
0.100	0.700	0.100	0.100
0.100	0.100	0.100	0.700
0.100	0.100	0.100	0.700
0.100	0.700	0.100	0.100
0.100	0.700	0.100	0.100
>ACAATGRG	21-ACAATGRG,BestGuess:ROX1/Literature(Harbison)/Yeast(0.771)	7.133228	-17.945267	0	T:161.0(4.81%),B:1461.0(3.03%),P:1e-7
0.997	0.001	0.001	0.001
0.001	0.997	0.001	0.001
0.997	0.001	0.001	0.001
0.760	0.238	0.001	0.001
0.001	0.001	0.001	0.997
0.001	0.001	0.997	0.001
0.542	0.001	0.456	0.001
0.001	0.056	0.942	0.001
>GGGTAAATCG	22-GGGTAAATCG,BestGuess:YPR013C/MA0434.2/Jaspar(0.744)	12.015743	-17.745873	0	T:7.0(0.21%),B:4.2(0.01%),P:1e-7
0.001	0.001	0.997	0.001
0.001	0.001	0.997	0.001
0.001	0.001	0.997	0.001
0.001	0.001	0.001	0.997
0.836	0.162	0.001	0.001
0.997	0.001	0.001	0.001
0.997	0.001	0.001	0.001
0.001	0.001	0.001	0.997
0.001	0.997	0.001	0.001
0.001	0.001	0.997	0.001
>GATGGTAGTC	24-GATGGTAGTC,BestGuess:GTS1(MacIsaac)/Yeast(0.584)	10.296193	-12.810634	0	T:5.0(0.15%),B:3.2(0.01%),P:1e-5
0.100	0.100	0.700	0.100
0.700	0.100	0.100	0.100
0.100	0.100	0.100	0.700
0.100	0.100	0.700	0.100
0.100	0.100	0.700	0.100
0.100	0.100	0.100	0.700
0.700	0.100	0.100	0.100
0.100	0.100	0.700	0.100
0.100	0.100	0.100	0.700
0.100	0.700	0.100	0.100
>CTCGTAAATA	25-CTCGTAAATA,BestGuess:NCU00019/MA0929.2/Jaspar(0.683)	8.552271	-11.201200	0	T:110.0(3.29%),B:1035.2(2.15%),P:1e-4
0.001	0.997	0.001	0.001
0.001	0.114	0.001	0.884
0.001	0.704	0.001	0.294
0.264	0.001	0.566	0.169
0.001	0.178	0.001	0.820
0.997	0.001	0.001	0.001
0.640	0.358	0.001	0.001
0.748	0.250	0.001	0.001
0.001	0.241	0.001	0.757
0.658	0.001	0.340	0.001
>GAGGGGCA	24-GAGGGGCA,BestGuess:MSN2(MacIsaac)/Yeast(0.780)	9.722249	-10.813076	0	T:45.0(1.35%),B:327.0(0.68%),P:1e-4
0.001	0.001	0.997	0.001
0.997	0.001	0.001	0.001
0.260	0.001	0.738	0.001
0.001	0.001	0.997	0.001
0.001	0.001	0.997	0.001
0.001	0.001	0.997	0.001
0.001	0.997	0.001	0.001
0.997	0.001	0.001	0.001
