>ACAGCAGAACAC	21-ACAGCAGAACAC	8.960686	-22.248354	0	T:68.0(2.03%),B:412.1(0.86%),P:1e-9
0.814	0.069	0.071	0.046
0.056	0.931	0.001	0.012
0.891	0.045	0.001	0.063
0.001	0.091	0.800	0.108
0.100	0.761	0.068	0.071
0.981	0.001	0.001	0.017
0.114	0.091	0.715	0.080
0.909	0.045	0.001	0.045
0.794	0.046	0.069	0.091
0.067	0.817	0.075	0.041
0.863	0.068	0.046	0.023
0.081	0.724	0.069	0.126
