>ATACACGTACAC	18-ATACACGTACAC	8.843758	-27.521790	0	T:67.0(2.00%),B:355.5(0.74%),P:1e-11
0.870	0.001	0.001	0.128
0.096	0.098	0.001	0.805
0.806	0.001	0.096	0.097
0.080	0.895	0.001	0.024
0.846	0.001	0.096	0.057
0.130	0.738	0.034	0.098
0.089	0.032	0.846	0.033
0.024	0.067	0.096	0.813
0.934	0.001	0.001	0.064
0.090	0.766	0.064	0.080
0.839	0.064	0.001	0.096
0.067	0.842	0.064	0.027
