>TGCGATGAGATG	3-TGCGATGAGATG	9.237870	-191.980505	0	T:136.0(4.07%),B:203.2(0.42%),P:1e-83
0.061	0.034	0.033	0.872
0.152	0.001	0.726	0.121
0.036	0.809	0.068	0.087
0.153	0.001	0.845	0.001
0.966	0.001	0.032	0.001
0.132	0.001	0.033	0.834
0.001	0.001	0.966	0.032
0.846	0.066	0.001	0.087
0.058	0.066	0.776	0.100
0.799	0.033	0.034	0.134
0.033	0.034	0.133	0.800
0.102	0.159	0.602	0.137
