>CTTGTTTGTTCT	14-CTTGTTTGTTCT	9.148699	-38.253437	0	T:202.0(6.04%),B:1532.8(3.18%),P:1e-16
0.048	0.805	0.086	0.061
0.083	0.071	0.062	0.784
0.058	0.001	0.071	0.870
0.001	0.043	0.892	0.064
0.086	0.050	0.036	0.828
0.071	0.054	0.001	0.874
0.075	0.001	0.038	0.886
0.081	0.077	0.764	0.078
0.049	0.075	0.001	0.875
0.081	0.001	0.001	0.917
0.054	0.722	0.098	0.126
0.089	0.059	0.073	0.779
