>TCAGTCATTCTT	11-TCAGTCATTCTT	9.494550	-46.972061	0	T:107.0(3.20%),B:535.9(1.11%),P:1e-20
0.028	0.039	0.056	0.877
0.014	0.815	0.070	0.101
0.783	0.102	0.030	0.085
0.063	0.120	0.690	0.127
0.069	0.044	0.130	0.757
0.057	0.815	0.019	0.109
0.923	0.001	0.030	0.046
0.037	0.048	0.001	0.914
0.027	0.088	0.001	0.884
0.071	0.743	0.077	0.109
0.126	0.001	0.001	0.872
0.069	0.001	0.037	0.893
