>CCGGTTCGATTC	12-CCGGTTCGATTC,BestGuess:OPI1/Literature(Harbison)/Yeast(0.711)	10.276217	-41.667166	0	T:35.0(1.05%),B:70.8(0.15%),P:1e-18
0.001	0.893	0.001	0.105
0.001	0.838	0.054	0.107
0.312	0.001	0.686	0.001
0.102	0.001	0.743	0.154
0.051	0.051	0.001	0.897
0.001	0.102	0.001	0.896
0.051	0.897	0.001	0.051
0.051	0.051	0.847	0.051
0.794	0.001	0.051	0.154
0.052	0.001	0.102	0.845
0.103	0.056	0.051	0.790
0.001	0.897	0.051	0.051
