>AAMAAGAGAAAA	4-AAMAAGAGAAAA	7.541148	-160.747919	0	T:1602.0(47.91%),B:15937.1(33.07%),P:1e-69
0.735	0.137	0.124	0.004
0.631	0.083	0.254	0.032
0.419	0.359	0.185	0.037
0.904	0.003	0.036	0.057
0.933	0.001	0.049	0.017
0.260	0.133	0.503	0.104
0.768	0.011	0.030	0.191
0.259	0.080	0.613	0.048
0.738	0.088	0.084	0.090
0.894	0.017	0.088	0.001
0.603	0.081	0.313	0.003
0.738	0.080	0.103	0.079
