>CGATGAGCATCG	9-CGATGAGCATCG	9.188745	-60.463185	0	T:50.0(1.50%),B:96.4(0.20%),P:1e-26
0.116	0.678	0.001	0.205
0.089	0.029	0.853	0.029
0.970	0.001	0.028	0.001
0.058	0.029	0.058	0.855
0.116	0.087	0.710	0.087
0.855	0.029	0.058	0.058
0.001	0.028	0.970	0.001
0.116	0.768	0.058	0.058
0.854	0.001	0.029	0.116
0.031	0.029	0.058	0.882
0.087	0.678	0.116	0.119
0.001	0.029	0.941	0.029
