>RRAAAAAAAAAA	6-RRAAAAAAAAAA	10.193813	-133.663965	0	T:626.0(18.72%),B:4610.5(9.57%),P:1e-58
0.378	0.102	0.321	0.199
0.460	0.011	0.351	0.179
0.642	0.007	0.328	0.023
0.850	0.002	0.134	0.014
0.899	0.014	0.084	0.003
0.926	0.001	0.054	0.019
0.955	0.001	0.020	0.024
0.926	0.013	0.048	0.013
0.911	0.023	0.047	0.019
0.903	0.006	0.063	0.028
0.856	0.062	0.014	0.068
0.823	0.053	0.056	0.068
