>CGATGAGATGAG	1-CGATGAGATGAG	11.424776	-242.265027	0	T:85.0(2.54%),B:28.5(0.06%),P:1e-105
0.159	0.751	0.032	0.058
0.067	0.023	0.887	0.023
0.942	0.012	0.023	0.023
0.061	0.035	0.058	0.846
0.046	0.001	0.942	0.011
0.896	0.046	0.035	0.023
0.023	0.023	0.931	0.023
0.664	0.207	0.083	0.046
0.035	0.012	0.023	0.930
0.070	0.035	0.849	0.046
0.818	0.077	0.035	0.070
0.370	0.023	0.549	0.058
