>CTCTCTCTCTCT	19-CTCTCTCTCTCT	9.968144	-25.019246	0	T:49.0(1.47%),B:227.2(0.47%),P:1e-10
0.038	0.789	0.088	0.085
0.071	0.071	0.079	0.779
0.053	0.848	0.001	0.098
0.071	0.071	0.035	0.823
0.018	0.832	0.035	0.115
0.066	0.107	0.001	0.826
0.072	0.881	0.001	0.046
0.072	0.045	0.001	0.882
0.001	0.828	0.070	0.101
0.017	0.084	0.001	0.898
0.071	0.807	0.060	0.062
0.101	0.078	0.001	0.820
