>TCTCTTCCCTCT	17-TCTCTTCCCTCT,BestGuess:SFL1/MA0377.2/Jaspar(0.716)	11.237836	-33.201726	0	T:16.0(0.48%),B:14.0(0.03%),P:1e-14
0.032	0.220	0.034	0.714
0.194	0.419	0.149	0.238
0.060	0.069	0.046	0.825
0.011	0.884	0.048	0.057
0.023	0.138	0.034	0.805
0.034	0.001	0.068	0.897
0.057	0.774	0.034	0.135
0.046	0.711	0.197	0.046
0.218	0.621	0.138	0.023
0.241	0.045	0.001	0.713
0.149	0.570	0.091	0.190
0.012	0.034	0.023	0.931
